0.26737539819721506396
                      0  0.16419334594379719761                       0                       0                       0                       0                       0 0.062960530599565772691
0
0.0050952893108463428312
                        0  0.0033803291306556716711                         0                         0                         0                         0                         0 0.00061388765234891070222
0
0.0050492376084976739459
                        0   0.003351727816017146741                         0                         0                         0                         0                         0 0.00061677137999292992471
0
0.005002250804270740904
                        0    0.00332213750890279335                         0                         0                         0                         0                         0 0.00061949828366054178908
0
0.076592166532810077029
                       0                        0                        0                        0  0.072516028833184878466 0.0040761376996252263183                        0                        0
0.00052220511253758990222
0.0033634775390332660727
0.00088691287570596521583                         0 2.2956060284531335967e-05                         0                         0                         0                         0                         0
0
0.0052166922410321866013
                        0  0.0036757113143238164497                         0                         0                         0                         0                         0 0.00042539833767567958181
0
0.0051817640886584913004
                        0  0.0036549682072640130026                         0                         0                         0                         0                         0 0.00042087826316924699215
0
0.0051458292441509791496
                        0  0.0036333759249327877983                         0                         0                         0                         0                         0 0.00041624608658669327204
0
0.0051088919942277087952
                        0  0.0036109147902362069907                         0                         0                         0                         0                         0 0.00041149935370704039412
0
0.0050709569387944230037
                       0  0.003587564525218851167                        0                        0                        0                        0                        0 0.0004066355439337166703
0
0.0050320290080671896404
  0.002791280897213960395 1.7489019232675115818e-05  0.0022232590916205540246                         0                         0                         0                         0                         0
1.8444138659061145125e-17
0.0049921134802892652357
 0.0027625355301001091983 2.7843549195903348085e-05  0.0022017344009932532552                         0                         0                         0                         0                         0
-1.3328414307306313068e-18
0.0049512160000504523011
 0.0027336533165264894317 3.7312995196374844234e-05  0.0021802496883275897938                         0                         0                         0                         0                         0
-5.8125304928033338769e-18
0
                         0 -3.0291626126778340961e-17                          0                          0                          0                          0                          0                          0
0.086659951142742344676
0.21722041248963597226
                      0                       0 0.078777747007623202813                       0 0.090135726838900018243                       0                       0                       0
0
0.0046596280510262716099
                        0                         0                         0                         0 0.00016292680884308740198  0.0036970223449555158698                         0                         0
0
0.004659524510321989485
                        0                         0                         0 0.00011807427121041391704                         0  0.0038122039820032327558                         0                         0
0
0.0046582677528177289517
                        0                         0                         0 0.00012091108020513377551                         0  0.0038112546774588113019                         0                         0
0
0.0046558580967801044617
                       0                        0                        0                        0 0.0015325056886791900423 0.0017658026207635437767 0.0013575497873373712932                        0
4.4452289071905681794e-18
0.0046522961141535878332
                       0                        0                        0                        0 0.0015331583541704904214 0.0017648405743986175873  0.001354297185584479174                        0
6.3832402905084073552e-18
0.0046475826319272404985
                       0                        0                        0                        0 0.0015333983678915571146 0.0017634892472152810441 0.0013506950168204014725                        0
1.3823577699190181534e-17
0.0046417187341306351614
                       0                        0                        0                        0 0.0015332288763574264921 0.0017617368493240167897 0.0013467530084491918796                        0
1.3511869574600599009e-17
0.0046347057644603104065
                       0                        0                        0                        0 0.0015326546130120370127 0.0017595686325126249413  0.001342482518935647802                        0
9.3512437376874757433e-18
0
                        0                         0                         0                         0                         0 1.8877355353832160419e-17                         0                         0
0.09913254366880314139
0.16928817736092460766
                       0                        0                        0                        0 0.0053763950001906382625  0.005362289906586844776                        0                        0
0
0.0045231336993868057755
                       0 0.0037324667245260149603                        0                        0                        0                        0                        0 0.0001650398262261264595
0
0.0045342711504666038946
                        0  0.0037420773163430415091                         0                         0                         0                         0                         0 0.00016244005852450983337
0
0
                         0                          0                          0                          0                          0                          0                          0 -3.2577343375121663488e-17
0.14300349630296707582
0.053321118255974742084
0.041650187630687417195 0.011670930625287333562                       0                       0                       0                       0                       0                       0
0.037693023089382875213
0.002795548673344425486
                       0                        0                        0                        0                        0                        0                        0 0.0027955486733444220165
0.011368051080710176934
0.0027942634660627174541
                       0                        0                        0                        0                        0                        0                        0 0.0027942634660627174541
0.0076841777197997965243
0.0027914768565909806389
                       0                        0                        0                        0                        0                        0                        0 0.0027914768565909802052
0.0040181427694178884977
0.0035980649640512804219
0.0020473734363999468965                        0                        0                        0                        0                        0                        0 0.0015506915276513361275
0.00030189966251648248834
0.0049168038222187860839
 0.0017953419398341694674  0.0024393347592039111432 0.00068212712318070558171                         0                         0                         0                         0                         0
-4.0928632011327792384e-18
0.0046611562246066037818
                        0  0.0037574748623038153883                         0                         0                         0                         0                         0 0.00052349377879169713048
0
0
0 0 0 0 0 0 0 0
0.10067015477812438218
0
                        0                         0                         0 1.5371906400700970043e-17                         0                         0                         0                         0
0.1006023379615200164
0.07801306820384626417
                      0                       0 0.047524681287632444815 0.030488386916213822825                       0                       0                       0                       0
0.003791632546551226661
0.0016752874799603756101
                        0                         0 0.00079774007217778362261 0.00087754740778259166228                         0                         0                         0                         0
0.0020050766312722876489
0.0016776831219943769656
                        0                         0 0.00079958159926558989693 0.00087810152272878728551                         0                         0                         0                         0
0.00021148893498542007904
0.0043130711213229403281
 0.0016181519730347269752                         0                         0                         0                         0                         0  0.0023112119929201762822 0.00038370715536803782966
-4.8264649986886753559e-19
0.0046728131817795155387
0.0010713434268497610408                        0                        0                        0                        0                        0 0.0019660166517162448903 0.0016354531032135096076
1.1483687547751688396e-18
0.0046804083572811435235
0.0010727341280433919622                        0                        0                        0                        0                        0 0.0019697084283567547168 0.0016379658008809964108
1.8167385340033125737e-18
0
                        0                         0                         0                         0                         0                         0 3.8725160989696077578e-18                         0
0.077133247987476546981
0.0028159701372921733947
                       0                        0                        0 0.0028159701372921742621                        0                        0                        0                        0
0.0021431388722181416231
0.0044605371820148620454
                        0                         0                         0 0.00094991506133259683963  0.0017416630850164691903  0.0017689590356657954734                         0                         0
1.116728237660069567e-17
0.004753074998188586836
                        0                         0                         0 0.00068542645221370207889                         0  0.0037600349301844036669                         0                         0
0
0.0047677095849765933899
                        0                         0                         0 0.00068706905652609142916                         0  0.0037713919460002770512                         0                         0
0
0.0047812232860788414154
                        0                         0                         0 0.00068856621967796629528                         0   0.003781851941342493674                         0                         0
0
0.0047936134475871456859
                        0                         0                         0 0.00068991800927900820244                         0  0.0037914229987961816336                         0                         0
0
0.0048048776657380366795
                        0                         0                         0 0.00069112437933291023546                         0   0.003800112541265323815                         0                         0
0
0.0048150137804442195988
                       0                        0                        0 0.0006921851697798296274                        0 0.0038079273319181726476                        0                        0
0
0.012598702172826001591
                      0                       0                       0                       0                       0                       0                       0 0.012598702172826006795
0.12377553958185227856
0.0012842780072804499229
                      0                       0                       0                       0                       0                       0                       0 0.001284278007280430841
0.12297085890801018326
0.0021947523915074400834
                       0                        0                        0                        0                        0                        0                        0 0.0021947523915074301087
0.11989032695099624548
0.0022163306588944635921
                       0                        0                        0                        0                        0                        0                        0 0.0022163306588945264758
0.11678019548374148073
0.0022372641186229683119
                       0                        0                        0                        0                        0                        0                        0 0.0022372641186229769855
0.11364210482314794637
0.0022575023400738338832
                       0                        0                        0                        0                        0                        0                        0 0.0022575023400738161022
0.11047773217847030314
0.0022769958734895142001
                       0                        0                        0                        0                        0                        0                        0 0.0022769958734895207053
0.10728878905285206546
0.0022956964933088857758
                       0                        0                        0                        0                        0                        0                        0 0.0022956964933088862095
0.10407701843068012382
0.0023135574418379632917
                       0                        0                        0                        0                        0                        0                        0 0.0023135574418379867105
0.10084419176156378395
0.0023305336711499586091
                       0                        0                        0                        0                        0                        0                        0 0.0023305336711499503692
0.097592105753687971581
0.068276186880550329694
                       0                        0                        0                        0                        0                        0 0.0093609662045091336646  0.058915220676041206438
0.0080318787308603211555
0.0038593344353225894627
                       0                        0                        0                        0                        0                        0 0.0038593344353225885954                        0
0.0051752935297749167246
0.0045120375927766263879
                       0                        0                        0                        0                        0 0.0013828803956959765959 0.0031291571970806491415                        0
0.0025218993896762688725
0.0061108296317932669223
                       0                        0                        0                        0                        0 0.0061108296317932669223                        0                        0
0.0016186024252826387675
0.0060583607882454659083
                        0                         0                         0                         0 0.00021192988723573921977  0.0058464309010097265801                         0                         0
0.00077788468078135268591
0.0058280822933909071093
                       0                        0                        0                        0 0.0010066970872446997197 0.0048213852061462069559                        0                        0
0.00017279394593280899455
0.0051155844967996251527
                        0                         0                         0                         0 0.00068437460845470368502  0.0038386425353299450519                         0                         0
0
0.00483177711780188434
                       0                        0                        0                        0  0.001969879536837703532 0.0014454344201406115356 0.0014164631608235694893                        0
-2.8667407083056567151e-18
0.0048325833564422399774
                       0                        0                        0                        0  0.001966839558629138781 0.0014473045064505064838 0.0014184392913625949294                        0
-5.4802203213257778571e-18
0.004832247649372053977
                        0                         0                         0 0.00038414305663630842055                         0  0.0038413154198334918503                         0                         0
0
0.039220311518863591738
 0.020770209587863672218 0.0073465513452447466294                        0                        0                        0                        0                        0                        0
0
0.0047964782318138466169
                       0                        0 0.0023341524454456737646 0.0010838099149686696542 0.0013785158713995040655                        0                        0                        0
3.061185999033397553e-18
0.0048155654730828488866
                       0                        0 0.0023480760412481370067 0.0010841167306113151398 0.0013833727012233963064                        0                        0                        0
-2.0013150671370811304e-18
0.0048335479667819154781
                       0                        0 0.0023615442679100332769   0.00108403028716145362 0.0013879734117104296654                        0                        0                        0
-7.4094198043171220349e-19
0.0048504223688769733044
                       0                        0 0.0023745328329012938863 0.0010835953543543240096 0.0013922941816213560591                        0                        0                        0
-2.9797449826954901848e-18
0.0048661855910130235453
                       0                        0 0.0023870189140115416655 0.0010828538710536612152 0.0013963128059478206646                        0                        0                        0
-3.0960134740420934646e-19
0.004880834791847868219
                       0                        0 0.0023989811429532791054 0.0010818449670272015789 0.0014000086818673875347                        0                        0                        0
1.5048927959619869166e-18
0.0048943673689817541669
                       0                        0 0.0024103995898961845523 0.0010806049834612308381 0.0014033627956243394271                        0                        0                        0
5.9214830105820947428e-18
0.030332999117773450093
0.0062762376431759218584  0.024056761474597499612                        0                        0                        0                        0                        0                        0
0.0202851469354499922
0.0016127195478456558646
                       0 0.0016127195478456513109                        0                        0                        0                        0                        0                        0
0.018947930215188785175
0.0029089698778406178695
                       0 0.0029089698778406174358                        0                        0                        0                        0                        0                        0
0.015317054719399730844
0.0029289537518830646885
                       0 0.0029289537518830668569                        0                        0                        0                        0                        0                        0
0.011668704492270736556
0.0029472904290531241715
                       0 0.0029472904290531233042                        0                        0                        0                        0                        0                        0
0.0080044181918169140383
0.0029639192506672696822
                       0 0.0029639192506672709833                        0                        0                        0                        0                        0                        0
0.0043257699997965113475
0.0052345387292785242397
                        0                         0  0.0051387609766013362875 9.5777752677187938716e-05                         0                         0                         0                         0
0.0011994277306592257028
0.0059686685967947419873
                       0                        0  0.001728180332051498444 0.0042404882647432435433                        0                        0                        0                        0
0.00058077064353035474844
0.0059121331614299726595
                       0                        0 0.0017009062619160772271 0.0041580743468659650888                        0                        0                        0                        0
0
0.0049282457398103747884
                        0 0.00078758642545834439512                         0  0.0037571217624579981986                         0                         0                         0                         0
0
0
                         0 -3.4045738530267475396e-17                          0                          0                          0                          0                          0                          0
0.11067933283313378945
0
                        0 8.5082987858866151789e-18                         0                         0                         0                         0                         0                         0
0.11052109641955339125
0.0028747378736569753621
                        0                         0 0.00012867580786385271561  0.0027460620657931175508                         0                         0                         0                         0
0.013224674271821236157
0.0029197263126192985958
                        0                         0 6.6792695141057976949e-05  0.0028529336174782432209                         0                         0                         0                         0
0.0092086545118165614998
0.0029619913369929714783
                        0                         0 7.5459683054623113811e-06   0.002954445368687511498                         0                         0                         0                         0
0.0051332417820718675289
0.0054592908233599239665
                       0                        0                        0                        0 0.0054592908233599248338                        0                        0                        0
0.0027046981671036284152
0.0023516407931709290037
0.0023516407931709077533                        0                        0                        0                        0                        0                        0                        0
0.089185341971934881111
0.0023656196340606262807
0.0023656196340606124029                        0                        0                        0                        0                        0                        0                        0
0.085851072548631293668
