   -0.046054283310035804  -0.35492815977816705164  0.041821497475837271507  0.081061665905586388625  0.072817009836399632094  0.021917136976505116608 -0.041821497475837257629  -0.08106166590558636087  -0.07281700983639965985 -0.021917136976505116608 -0.063334186592685859374   0.01039558347078084477  0.078035761725845670389  0.099963649112025404486  0.063334186592685859374  -0.01039558347078084477 -0.078035761725845698145 -0.099963649112025404486                        0                        0
     0.1521033562867109834  -0.0062624718579636145729     0.02944146365041233615    0.017916647439719903673   -0.004103497848903278622   -0.023719869750807698328    -0.02944146365041233615   -0.017916647439719896734   0.0041034978489032369886    0.023719869750807698328 -6.2425003210145324495e-05  -0.0021654119864570522264  -0.0029999299961626924027  -0.0020771297002860761305  6.2425003210145324495e-05   0.0021654119864570591653   0.0029999299961626646471   0.0020771297002860761305                          0                          0
-0.010963702273121439176  -0.52695378105508827726  -0.15184222897388355289  -0.15098794018682093476 -0.061686963793096294406  0.063749399369006143345   0.15184222897388355289   0.15098794018682093476  0.061686963793096238895 -0.063749399369006143345 -0.054122783618560654784   0.44787005312838512605   0.68750668693348138127   0.52441122775513782095  0.054122783618560710295  -0.44787005312838512605   -0.6875066869334814923  -0.52441122775513782095                        0                        0
  -0.5724341821344903769  -0.65573064013055137877  -0.67346111782852724481  -0.46362704928810072325  0.017793456842275706675   0.48879079727594726412   0.67346111782852724481   0.46362704928810077876 -0.017793456842275623409  -0.48879079727594726412  -0.50375152372710541027  -0.36847245616894291897 -0.017347221147939503871   0.34393978075204134637   0.50375152372710541027   0.36847245616894286346   0.01734722114793957326  -0.34393978075204134637                        0                        0
 -0.0096097418269766397142  -0.0096434302967139014229   -0.017717471882305560471  -0.0099182455601397392919   0.0036909544962091880849    0.015138043466780742863    0.017717471882305560471   0.0099182455601397392919  -0.0036909544962091880849   -0.015138043466780742863 -0.00016424637483802850824 -8.0636860011230881984e-05  5.0208633782963113523e-05  0.00015164259085531650584  0.00016424637483802850824  8.0636860011230881984e-05 -5.0208633782959644076e-05 -0.00015164259085531650584                          0                          0
 -0.0096355494525436936881  -0.0096571345931757285319   -0.010272094735600464932  -0.0049616144262055530967   0.0032553123227945547635   0.0095653212628618727864    0.010272094735600464932   0.0049616144262055530967  -0.0032553123227945547635  -0.0095653212628618727864   0.0016436901801893388786   0.0017154518706011048779  0.00078232512081302663098 -0.00060907707456213378006  -0.0016436901801893388786  -0.0017154518706011048779 -0.00078232512081303010043  0.00060907707456213378006                          0                          0
 -0.0096565327519632631476   -0.009668172208260912906  -0.0052126759712863290908  -0.0021738747926321952408   0.0021383527566448817803   0.0051979622622172899638   0.0052126759712863290908   0.0021738747926321952408  -0.0021383527566448817803  -0.0051979622622172899638   0.0015572900503191822175   0.0016193622056154266531  0.00073283394325655837331  -0.0005829785040946389163  -0.0015572900503191822175  -0.0016193622056154266531 -0.00073283394325655837331   0.0005829785040946389163                          0                          0
 -0.0096758328691297097041  -0.0096785547034340980999 -0.00048590139989285185962   0.0003017743891636295861  0.00091267483382491410016  0.00098894273886816763675  0.00048590139989285185962  -0.0003017743891636295861 -0.00091267483382491410016 -0.00098894273886816763675    0.001184561063277925208   0.0012377196289418967989  0.00056583882238709498624 -0.00043750269220482751464   -0.001184561063277925208  -0.0012377196289418967989 -0.00056583882238709845569  0.00043750269220482751464                          0                          0
 -0.0096880679873822678205    -0.00968806798738227129 -0.00010885818028530391821 -6.1020631157517046805e-05  2.2561976117796769814e-05  9.2928083777241154984e-05  0.00010885818028530391821  6.1020631157517046805e-05 -2.2561976117795035091e-05 -9.2928083777241154984e-05 -0.00010885818028530391821 -6.1020631157517046805e-05  2.2561976117796769814e-05  9.2928083777241154984e-05  0.00010885818028530391821  6.1020631157517046805e-05 -2.2561976117795035091e-05 -9.2928083777241154984e-05                          0                          0
 -0.0096988552240166552021  -0.0096988552240166725493 -9.8937502571755375769e-05 -5.5459654712174122349e-05  2.0505706713280433262e-05  8.4459103252131073614e-05  9.8937502571755375769e-05  5.5459654712174122349e-05 -2.0505706713278698539e-05 -8.4459103252131073614e-05 -9.8937502571699864617e-05 -5.5459654712132488985e-05  2.0505706713270024921e-05   8.445910325208944025e-05  9.8937502571699864617e-05  5.5459654712132488985e-05 -2.0505706713266555474e-05  -8.445910325208944025e-05                          0                          0
 -0.0097091468480717917078  -0.0097091468480717812994 -8.9526303774623006149e-05 -5.0184250023725673895e-05  1.8555056773535485992e-05  7.6425062963458856302e-05  8.9526303774623006149e-05  5.0184250023732612789e-05 -1.8555056773537220716e-05 -7.6425062963458856302e-05   -8.95263037746785173e-05 -5.0184250023760368364e-05  1.8555056773552833227e-05  7.6425062963514367453e-05    8.95263037746785173e-05  5.0184250023767307258e-05 -1.8555056773551098503e-05 -7.6425062963514367453e-05                          0                          0
 -0.10178145030969831808  0.022861780017709262824  0.002976076628302792848  0.061758528722115145493  0.084363672282720764128  0.057549720791707732748 -0.002976076628302792848 -0.061758528722115145493 -0.084363672282720791884 -0.057549720791707732748 -0.033785912461413165897  0.041132092417686845487  0.091955475407289433143  0.088912588037767470439  0.033785912461413172836 -0.041132092417686845487 -0.091955475407289447021 -0.088912588037767470439                        0                        0
  -0.010078912770181643055    0.011444562178099934244   0.0027931650128116269904   0.0039030391119295113067   0.0027265658337517310883 -4.7092731134699972184e-05  -0.0027931650128116269904  -0.0039030391119295113067  -0.0027265658337517276188  4.7092731134699972184e-05  0.00059305735783096724667   0.0026619434140154399349   0.0031714991205394268969   0.0018232336553057615358 -0.00059305735783095336888  -0.0026619434140154399349  -0.0031714991205394234275  -0.0018232336553057615358                          0                          0
 -0.0097200496617697949159   0.0044525477804396671605 -8.4861413130493668078e-05 -4.0273862563985907137e-05  2.7905570483349739774e-05  7.9738298807294216708e-05  8.4861413130493668078e-05   4.027386256398243769e-05 -2.7905570483346270327e-05 -7.9738298807294216708e-05  0.00053275111506461553246  0.00029882123896465134782 -0.00011015406619566819879 -0.00045460261332911505727 -0.00053275111506460859356 -0.00029882123896465481727  0.00011015406619567166824  0.00045460261332911505727                          0                          0
 -0.0097273988212604502179 -0.00085937515924013659768 -7.6063017459188086988e-05 -3.8324691611867772734e-05  2.1863718807909465758e-05  6.9244659273930142529e-05  7.6063017459188086988e-05  3.8324691611867772734e-05 -2.1863718807909465758e-05 -6.9244659273930142529e-05  0.00050729543925259051873  0.00028361035398834569254 -0.00010620983021283891823  -0.0004338137363326943774 -0.00050729543925259051873 -0.00028361035398834916199  0.00010620983021283891823   0.0004338137363326943774                          0                          0
  -0.009734192962697245724   -0.006171810103441558934 -6.7680761981533943406e-05 -3.6212930728994618956e-05  1.6467944211321153269e-05  5.9502120777044087419e-05  6.7680761981533943406e-05  3.6212930728994618956e-05 -1.6467944211321153269e-05 -5.9502120777044087419e-05   0.0004777344951384238092  0.00026731215006164238401 -9.9698027134147854111e-05 -0.00040830645217658501078  -0.0004777344951384238092 -0.00026731215006164238401  9.9698027134149588835e-05  0.00040830645217658501078                          0                          0
 -0.0097412425440607415539  -0.0097412425440607363497 -6.0123894677861777769e-05 -3.3726990533881895384e-05  1.2426727246824670337e-05  5.1301036742244787714e-05  6.0123894677861777769e-05  3.3726990533881895384e-05 -1.2426727246822935613e-05 -5.1301036742244787714e-05 -6.0123894677785449936e-05 -3.3726990533833323127e-05  1.2426727246803853655e-05  5.1301036742182337669e-05  6.0123894677785449936e-05  3.3726990533840262021e-05 -1.2426727246807323102e-05 -5.1301036742182337669e-05                          0                          0
 -0.0097492780226115238751  -0.0097492780226115204056 -5.2982905551238190789e-05 -2.9721270275218786283e-05  1.0950682037047521078e-05  4.5207873329247694194e-05  5.2982905551238190789e-05  2.9721270275218786283e-05 -1.0950682037049255801e-05 -4.5207873329247694194e-05 -5.2982905551279824152e-05 -2.9721270275253480753e-05  1.0950682037061398866e-05  4.5207873329296266451e-05  5.2982905551279824152e-05  2.9721270275253480753e-05 -1.0950682037061398866e-05 -4.5207873329296266451e-05                          0                          0
 -0.0097568158920940430134  -0.0097568158920940672996 -4.6312113184968084489e-05 -2.5979287453643112871e-05   9.571852527243129849e-06  3.9515931114723901185e-05  4.6312113184968084489e-05  2.5979287453643112871e-05 -9.5718525272448645724e-06 -3.9515931114723901185e-05  -4.631211318493339002e-05 -2.5979287453625765636e-05  9.5718525272361909551e-06  3.9515931114689206716e-05   4.631211318493339002e-05  2.5979287453625765636e-05 -9.5718525272361909551e-06 -3.9515931114689206716e-05                          0                          0
  -0.009763855681999989572   -0.009763855681999989572 -4.0106435879774804398e-05 -2.2498195095012329947e-05  8.2891832474864951541e-06  3.4220870464597707983e-05  4.0106435879774804398e-05  2.2498195095012329947e-05 -8.2891832474882298776e-06 -3.4220870464597707983e-05 -4.0106435879781743292e-05 -2.2498195095015799394e-05  8.2891832474864951541e-06  3.4220870464597707983e-05  4.0106435879781743292e-05  2.2498195095015799394e-05 -8.2891832474882298776e-06 -3.4220870464597707983e-05                          0                          0
 -0.0097703969748331818274  -0.0097703969748331783579   -3.43611394621606836e-05 -1.9275340911211608086e-05    7.10169092615897668e-06   2.931864853476795485e-05    3.43611394621606836e-05  1.9275340911211608086e-05 -7.1016909261572419565e-06  -2.931864853476795485e-05   -3.43611394621606836e-05 -1.9275340911215077533e-05  7.1016909261607114034e-06  2.9318648534774893744e-05    3.43611394621606836e-05  1.9275340911215077533e-05   -7.10169092615897668e-06 -2.9318648534774893744e-05                          0                          0
   0.26358780671999842982   -0.29774739680796585839   -0.15983551662882081179   -0.35740029774578235822   -0.34560483163944671903   -0.13135874238039355055    0.15983551662882078404    0.35740029774578224719    0.34560483163944683005    0.13135874238039355055 -0.0064313874608370041885   -0.27112297747777452939   -0.37699440435920683612   -0.26202762210578256497  0.0064313874608369903108    0.27112297747777452939    0.37699440435920689163    0.26202762210578256497                         0                         0
   0.19212293536638891389 -0.0082486995189103434756   0.055191449571168463284  0.0096072707743222462984  -0.041604716944731251482  -0.068445225736254902693  -0.055191449571168456345 -0.0096072707743222324206    0.04160471694473126536   0.068445225736254902693  0.0085431798708867148773  -0.016719477267152567379  -0.032188091377882518951  -0.028801358106353383559 -0.0085431798708867148773   0.016719477267152574318   0.032188091377882518951   0.028801358106353383559                         0                         0
   -0.26775559463471704236  -0.0088875813790582590401     -0.1971423747921054459     -0.1198454694012742322    0.027655286575853643694     0.15895595074816101788      0.1971423747921054459     0.11984546940127424608   -0.027655286575853588182    -0.15895595074816101788   0.0030874060599311858866   0.0017915186449421922898 -0.00055381609500967932114    -0.00257473287756537772  -0.0030874060599311858866   -0.001791518644942185351  0.00055381609500967932114     0.00257473287756537772                          0                          0
 -0.0097209223037200663542     0.10309514759933333106 -2.8067409352218464225e-05  0.00011630649508830720462  0.00019254963209817954617  0.00015599980605489338625  2.8067409352214994778e-05 -0.00011630649508832108241 -0.00019254963209817954617 -0.00015599980605489338625     0.09267656581913831515    0.056279869395143802824   -0.013084811231939483256   -0.074784586900444427471   -0.092676565819138301272   -0.056279869395143795885    0.013084811231939469378    0.074784586900444427471                          0                          0
 0.016411000700439350858  -0.43984036667162418333  -0.36013033147024220426  -0.44167291180119666594   -0.2644894905318259104   0.06762828718593807964   0.36013033147024220426   0.44167291180119661043   0.26448949053182602142  -0.06762828718593807964 -0.089031365856053895635  -0.28249123484966409681  -0.31047156971986411556  -0.15658186977943175378   0.08903136585605386788    0.2824912348496640413   0.31047156971986411556   0.15658186977943175378                        0                        0
   0.014770168699464628764  -0.0096599766706264265925    -0.13807720984005744658   -0.081164373829869032595    0.023293451588336729768     0.11410628898057599556     0.13807720984005744658    0.081164373829869032595   -0.023293451588336736707    -0.11410628898057599556 -0.00035555935544454020381 -0.00017182387141875810066  0.00011256370614469608793  0.00033101299127959171731  0.00035555935544454020381  0.00017182387141875810066 -0.00011256370614471690461 -0.00033101299127959171731                          0                          0
     0.0098468014011076372   -0.009672828622353246697    -0.13821486076572769841   -0.081107079198364850914     0.02351212935893139816     0.11435825141803626637     0.13821486076572772617    0.081107079198364850914    -0.02351212935893139469    -0.11435825141803626637 -0.00033475668462112917467 -0.00015701204031108584314  0.00011270812775732858002  0.00031640540317517951152  0.00033475668462114305246  0.00015701204031108584314 -0.00011270812775734592726 -0.00031640540317517951152                          0                          0
  0.0049136030485337264112  -0.0096851670043107268571    -0.13835609660690612044   -0.081053606356524851573    0.023728987218258560526     0.11461146190196391803     0.13835609660690612044    0.081053606356524823817   -0.023728987218258563996    -0.11461146190196391803 -0.00031455239642977361747 -0.00014295116709932276233  0.00011238891716083831973  0.00030189309800864039257  0.00031455239642977361747  0.00014295116709930888454 -0.00011238891716086260586 -0.00030189309800864039257                          0                          0
-2.9701299801835299996e-05  -0.0096969880522355736407    -0.13850014626900225556   -0.081002970940464755212    0.023944646172483263769     0.11486581430381564983     0.13850014626900225556    0.081002970940464755212   -0.023944646172483263769    -0.11486581430381564983 -0.00029493931577109777642 -0.00012963250529378356202  0.00011161126866022011428  0.00028747467514673996636  0.00029493931577109777642  0.00012963250529376968423 -0.00011161126866023052262 -0.00028747467514673996636                          0                          0
 -0.0049833902302142745952  -0.0097082882266535230203    -0.13864623779239354517    -0.08095418790099084827    0.024159727331912357606     0.11512120195701723568     0.13864623779239354517    0.080954187900990834392   -0.024159727331912343729    -0.11512120195701723568 -0.00027591056559739257636 -0.00011704769801881148572  0.00011038012361463955813  0.00027314876585105007933  0.00027591056559739257636  0.00011704769801879760793 -0.00011038012361465343592 -0.00027314876585105007933                          0                          0
 -0.0094310573612373365532  -0.0097187884353622886607    -0.13818652192170088888   -0.080552332366447418344    0.024268321008285680118      0.1148729210723889449     0.13818652192170088888    0.080552332366447432221    -0.02426832100828566971     -0.1148729210723889449 -0.00025698988827702051729 -0.00010537394028578561667  0.00010796863280414931152    0.000258064645108302404  0.00025698988827704827287  0.00010537394028579255556 -0.00010796863280414237263   -0.000258064645108302404                          0                          0
 -0.0094633876565888442461  -0.0097269009242980635638     -0.1320689820065275577   -0.076706146570775388116    0.023590109208758525822     0.11006759895166413898      0.1320689820065275577    0.076706146570775401994   -0.023590109208758522352    -0.11006759895166413898  0.00013130450339469967869  0.00026989686048770750171  0.00025038729714892821177  8.4204250986250062105e-05 -0.00013130450339469967869 -0.00026989686048770056281 -0.00025038729714893862011 -8.4204250986250062105e-05                          0                          0
   0.1544260808610307123   -0.4117043306624988408  -0.67004187847288787516  -0.80086003677075368046  -0.46254524709092748047   0.14672227512354951706   0.67004187847288787516   0.80086003677075368046   0.46254524709092759149  -0.14672227512354951706  0.040251903217747075914  -0.38897556892391993433  -0.59034642822174498988  -0.44590035636578689848 -0.040251903217747075914   0.38897556892391982331   0.59034642822174521193   0.44590035636578689848                        0                        0
  0.027473251467627433919  -0.011282278794422777313   -0.39671173073009874388   -0.28395857957364117885 -0.0048663436551443714495    0.27707653037736773571    0.39671173073009879939    0.28395857957364123436  0.0048663436551444338996   -0.27707653037736773571   0.028215656695498497752  -0.038354798046019419888  -0.082457532274260253446  -0.078257762416056614319  -0.028215656695498497752   0.038354798046019399071   0.082457532274260267324   0.078257762416056614319                         0                         0
 -0.023381371735802642525 -0.0098722692454859158062   -0.37509557248485547731   -0.22576992374768237171   0.055808684344943543243    0.30469532204650062734    0.37509557248485547731    0.22576992374768237171  -0.055808684344943515487   -0.30469532204650062734  0.0074755002407716764079 -0.0091109523735760714058   -0.02036033265361830713  -0.019682906199598670938 -0.0074755002407716486523  0.0091109523735760991614   0.020360332653618293253   0.019682906199598670938                         0                         0
-0.0087780477074998926323 -0.0081016929661976433419   -0.34599005846566066591   -0.20709174889579273771   0.053118098521667253542    0.28221208423260468745    0.34599005846566066591    0.20709174889579268219  -0.053118098521667232725   -0.28221208423260468745   0.019486084945674386759  -0.001144557943236521047  -0.021104734311921322099   -0.02870204355096342419  -0.019486084945674386759  0.0011445579432365141082   0.021104734311921308221    0.02870204355096342419                         0                         0
 -0.020402716966382721669  -0.009859411108777721422   -0.33121904497880921836   -0.18485859813820582076    0.06978950837048064626    0.28355586738709021022    0.33121904497880916285    0.18485859813820587627   -0.06978950837048064626   -0.28355586738709021022   0.010009130605190541541  0.0056586577972997653685 -0.0020065800034210073965 -0.0084963904521244137946  -0.010009130605190569296 -0.0056586577972997723074   0.002006580003420979641  0.0084963904521244137946                         0                         0
-0.0089947171837259400073 -0.0095024762088795032555   -0.30538552809652896869   -0.16852957443908192503   0.067048718263813172902     0.2633507811474992133    0.30538552809652896869    0.16852957443908189727  -0.067048718263813200657    -0.2633507811474992133   0.020723474867142044342   0.012719405431983854537 -0.0027355191999084843557   -0.01658801378462640419  -0.020723474867142044342  -0.012719405431983833721  0.0027355191999084704779    0.01658801378462640419                         0                         0
-0.032030633931157348471   0.25725200088399013953   -0.4245965260630510385  -0.28283626643747877827  0.024605642136198119241   0.31763389925738916286    0.4245965260630510385   0.28283626643747883378 -0.024605642136198119241  -0.31763389925738916286   0.44583329190495968319    0.1995190858863466199  -0.16367069469220585365  -0.43098440208309024557  -0.44583329190495968319  -0.19951908588634664765   0.16367069469220579814   0.43098440208309024557                        0                        0
-0.0069670409408377209637    0.26710770893021068551   -0.37908272282120297758   -0.25187558997283626683   0.022876847450892995317    0.28422833790222967743    0.37908272282120297758    0.25187558997283637785   -0.02287684745089291205   -0.28422833790222967743    0.46577302983692647764    0.21031988478454621827   -0.16833579633787446039   -0.44838265099844343275   -0.46577302983692647764   -0.21031988478454632929    0.16833579633787440488    0.44838265099844343275                         0                         0
-0.0084485750535358387914   -0.34488073624895554392   0.050895114264034563289  -0.050302683634715433802   -0.12203385168401226224   -0.12227924448544147396  -0.050895114264034591045   0.050302683634715412986    0.12203385168401226224    0.12227924448544147396   0.029377300842802295255   -0.15798227530233410754   -0.25279797718992319533   -0.19952805258013961431  -0.029377300842802323011    0.15798227530233405203    0.25279797718992319533    0.19952805258013961431                         0                         0
   0.099233707508038698775  -0.0095598094570715046181   0.0057554588312059076771    0.028292932983675432579    0.034256790713620990929     0.02015348504690404885  -0.0057554588312059007382   -0.028292932983675432579   -0.034256790713620977051    -0.02015348504690404885   0.0001532316704713765354  -8.288850664753266706e-05 -0.00027045372073712659056 -0.00029959081321322134084 -0.00015323167047136959651   8.288850664753266706e-05  0.00027045372073715434613  0.00029959081321322134084                          0                          0
   0.093823525730641149645  -0.0095747469325042355859   0.0056428382757826786587    0.028350527025352789678    0.034450861543896191264     0.02037034860546292625  -0.0056428382757826855975   -0.028350527025352803556   -0.034450861543896219019    -0.02037034860546292625  0.00014190827334203959254 -7.8399292534912790043e-05 -0.00025278161612536653724 -0.00027908789730815564134 -0.00014190827334202571475  7.8399292534919728936e-05  0.00025278161612535265945  0.00027908789730815564134                          0                          0
   0.088420465133336803576  -0.0095891879351806125209   0.0055439111048434415452    0.028402516289877943745    0.034623312637824713023    0.020562242016817541823  -0.0055439111048434415452   -0.028402516289877943745   -0.034623312637824740778   -0.020562242016817541823  0.00013108115982901624719 -7.4053772396547035139e-05 -0.00023580900909711544067 -0.00025943052639834651707 -0.00013108115982902318608  7.4053772396540096246e-05  0.00023580900909708768509  0.00025943052639834651707                          0                          0
   0.083024321851877691536  -0.0096031266797498276294   0.0054579454756513712255    0.028449091309964848195    0.034775145292091455551    0.020730390795605777021  -0.0054579454756513781644   -0.028449091309964834318   -0.034775145292091483307   -0.020730390795605777021  0.00012074533273084830931 -6.9848650105008847078e-05 -0.00021952624102281048657 -0.00024060833724623420515  -0.0001207453327308552482  6.9848650105022724865e-05  0.00021952624102281048657  0.00024060833724623420515                          0                          0
   0.077634880954572271783  -0.0096165576871372927814   0.0053842120268668587635    0.028490439129872584256    0.034907353388564085761    0.020876013458785133703  -0.0053842120268668483551   -0.028490439129872584256   -0.034907353388564085761   -0.020876013458785133703  0.00011089602403419052123 -6.5780694926374783105e-05 -0.00020392397494140013237  -0.0002226113561287906828 -0.00011089602403418358234  6.5780694926374783105e-05  0.00020392397494138625458   0.0002226113561287906828                          0                          0
   0.072251917024435230452  -0.0096294757746091842743   0.0053219837208366080339     0.02852674334292584768    0.035020923605065548689    0.021000321786189907192   -0.005321983720836601095    -0.02852674334292584768   -0.035020923605065534812   -0.021000321786189907192  0.00010152869663172109371 -6.1846740936247202036e-05 -0.00018899319645232504072 -0.00020543000068289074544 -0.00010152869663172456316  6.1846740936247202036e-05   0.0001889931964523527963  0.00020543000068289074544                          0                          0
 -0.69661808715660233915 -0.011563544591522237695   0.77299944678928689257   0.41120393979818842256  -0.19146925822543897633  -0.68198236155812053116  -0.77299944678928678155  -0.41120393979818842256   0.19146925822543886531   0.68198236155812053116  -0.12658017151415090762  -0.03292524681752592719  0.080016840920324128206   0.14608614846529871523   0.12658017151415090762   0.03292524681752592719 -0.080016840920324072695  -0.14608614846529871523                        0                        0
 -0.36875075931682610442  -0.23289882755729418573 -0.054666838344630153124  -0.52281345100687448557  -0.68470303466037329976  -0.44550286680784090265  0.054666838344630153124   0.52281345100687448557   0.68470303466037341078   0.44550286680784090265    0.3032723737069727421   0.28900250784686321026   0.10543889244989806953  -0.13988939614261924893   -0.3032723737069727421  -0.28900250784686321026  -0.10543889244989806953   0.13988939614261924893                        0                        0
-0.0055646187623759300889  -0.005688967834947369559    0.03098433446767277083   -0.12926815932291446654   -0.21379711856514443946    -0.1730866253482014061  -0.030984334467672784708    0.12926815932291446654    0.21379711856514443946     0.1730866253482014061     0.2615354553075109334    0.38847553343026319794    0.28785191271968990634    0.01860854549295868493    -0.2615354553075109334   -0.38847553343026314243   -0.28785191271968990634   -0.01860854549295868493                         0                         0
-0.0097682431336937082522 -0.0098491781642631084231   0.028449213378140787017   -0.12481333461808510887    -0.2049619239600481424   -0.16504659801629789628  -0.028449213378140787017    0.12481333461808513663    0.20496192396004811465    0.16504659801629789628    0.25854356341234857597    0.38688334778039007444    0.28859211407498591706   0.021247533938378429519   -0.25854356341234857597   -0.38688334778039007444   -0.28859211407498591706  -0.021247533938378429519                         0                         0
 -0.009806088142179619771 -0.0098138618732840215975    0.02582547884382369735   -0.11542675291163122242    -0.1890635582721407193   -0.15194949534734611407  -0.025825478843823725106     0.1154267529116312363     0.1890635582721407193    0.15194949534734611407    0.25295497591471582943    0.38494930211930428188    0.29144554796846228184   0.027216944510953518938   -0.25295497591471582943   -0.38494930211930428188   -0.29144554796846233735  -0.027216944510953518938                         0                         0
-0.0098403810474775432054 -0.0097783580856409500759   0.023461321669758630759   -0.10584245427116550919   -0.17314515597489496535   -0.13902177356773592898  -0.023461321669758616881    0.10584245427116548144     0.1731451559748949931    0.13902177356773592898    0.24744744689572961693    0.38316106826903401084     0.2944241324237016344   0.033217532894496991369   -0.24744744689572961693   -0.38316106826903389981   -0.29442413242370168991  -0.033217532894496991369                         0                         0
 -0.009871103771038818725 -0.0097426679900838603771   0.021346210612445321031  -0.096073969172841902631   -0.15721532080769290429   -0.12626206972623452152  -0.021346210612445321031   0.096073969172841860997     0.1572153208076929598    0.12626206972623452152    0.24201736016802896656    0.38151084022664510931    0.29752044427284751738   0.039246607147284576222   -0.24201736016802891105   -0.38151084022664510931   -0.29752044427284757289  -0.039246607147284576222                         0                         0
-0.0098982437703380408978 -0.0097067951881797016889   0.019469469033576158878  -0.086134769200672478551     -0.141282427829043572   -0.11366875636015888462  -0.019469469033576172756   0.086134769200672478551    0.14128242782904354424    0.11366875636015888462     0.2366608909828466778    0.37999070060709327912    0.30072711139135899217   0.045301658895851054654    -0.2366608909828466778   -0.37999070060709327912   -0.30072711139135904768  -0.045301658895851054654                         0                         0
-0.0099217941205754500711 -0.0096707457293693684097   0.017820293083007456014  -0.076038252224655003553   -0.12535462063826072199   -0.10123995238810755415  -0.017820293083007456014   0.076038252224654989675    0.12535462063826069423    0.10123995238810755415    0.23137401766351772814     0.3785926327572024519    0.30403681819625433258   0.051380358996703512364   -0.23137401766351767263   -0.37859263275720228537   -0.30403681819625433258  -0.051380358996703512364                         0                         0
-0.0099417535739265584099 -0.0096345281362006859882     0.0163877699249983938  -0.065797727733025196395   -0.10943980885837498174  -0.088973534218007854779    -0.0163877699249983938   0.065797727733025182517    0.10943980885837499561   0.088973534218007854779    0.22615253353626041388     0.3773085330169586582    0.30744231105541919291   0.057480552924942973636   -0.22615253353626035837   -0.37730853301695854718   -0.30744231105541924842  -0.057480552924942973636                         0                         0
-0.0099581265957617848272 -0.0095981534193713656522    0.01516089595464593931  -0.055426402369689181659  -0.093545665899408589339  -0.076867147046476860806   -0.01516089595464593584   0.055426402369689153904   0.093545665899408589339   0.076867147046476860806    0.22099205912495092918    0.37613022308937643645    0.31093640358646312816   0.063600255898114022024   -0.22099205912495084592   -0.37613022308937643645   -0.31093640358646312816  -0.063600255898114022024                         0                         0
 -0.27206041757044374663  -0.27661635013044566511  -0.22970419599028701896  -0.12210505194825366226  0.057021575490795312069   0.20274573735521772555    0.2297041959902869912   0.12210505194825364839 -0.057021575490795284313  -0.20274573735521772555  -0.29340644200877524783  -0.25470571026457622388 -0.066801827861260432151   0.16023365931186878131   0.29340644200877519232   0.25470571026457611286  0.066801827861260459906  -0.16023365931186878131                        0                        0
-0.0081609705124544608401 -0.0082759787048969479101  -0.033612962625615527834  -0.056176383572809129863  -0.045832440908124286172 -0.0086404759561236922638   0.033612962625615520895   0.056176383572809115985   0.045832440908124293111  0.0086404759561236922638 -0.0040081336907809642089  0.0053852193716879825924   0.011623983962576425744   0.011053576396994953257  0.0040081336907809572701 -0.0053852193716879825924  -0.011623983962576425744  -0.011053576396994953257                         0                         0
-0.0096101507479848975735 -0.0097105948223967890331  -0.032004530584073709321  -0.051592276672621270595  -0.040957966800052314493 -0.0063310354632397092267   0.032004530584073709321   0.051592276672621256717    0.04095796680005233531  0.0063310354632397092267 -0.0049253100728146315124  0.0046636230570007153329    0.01152066904982089468   0.011629063360867979843  0.0049253100728146245735 -0.0046636230570007014551   -0.01152066904982089468  -0.011629063360867979843                         0                         0
-0.0096328580719078609612 -0.0097192047517589419403  -0.029614366377475418585  -0.046417417634182202291  -0.036029775171121117272   -0.00453637906207070285   0.029614366377475422054    0.04641741763418220923   0.036029775171121117272    0.00453637906207070285  -0.004969075675267956016  0.0047376450786310031482    0.01166911759917804714   0.011764979291053169475  0.0049690756752679490771 -0.0047376450786310031482   -0.01166911759917804714  -0.011764979291053169475                         0                         0
-0.0096542794646042491558  -0.009727450304779557827  -0.027195132776857165735  -0.041198347641557220289  -0.031068129205194659759 -0.0027386220379887159238   0.027195132776857162266   0.041198347641557220289   0.031068129205194666698  0.0027386220379887159238 -0.0050123948176520431719   0.004809401073690960926   0.011813915042957520707   0.011897997804783105175  0.0050123948176520466413 -0.0048094010736909470483  -0.011813915042957506829  -0.011897997804783105175                         0                         0
 -0.0096743962226394832754  -0.0097353305691956389112   -0.024748740103254229794   -0.035938049337887141566   -0.026075336675619217863 -0.00093804543221810351983    0.024748740103254222855    0.035938049337887141566    0.026075336675619217863  0.00093804543221810351983  -0.0050551917427382221659    0.004878805871077598888    0.011954865173801648703    0.012027926594054473564   0.0050551917427382256354   -0.004878805871077598888   -0.011954865173801648703   -0.012027926594054473564                          0                          0
 -0.0096931908397569852692   -0.009742844754751789349   -0.022277150607776255442   -0.030639529213987416745   -0.021053687151371416886  0.00086511930655779750721    0.022277150607776251973    0.030639529213987423684    0.021053687151371416886 -0.00086511930655779750721  -0.0050974028151947632648   0.0049457872729516683119    0.012091802253215232221    0.012154603467078882451   0.0050974028151947597953  -0.0049457872729516683119   -0.012091802253215246099   -0.012154603467078882451                          0                          0
-0.0097106470119253766871  -0.009749992179424054467  -0.019782375111819176794  -0.025305815498727984858  -0.016005452373393201648  0.0026706876803586770963   0.019782375111819176794   0.025305815498727977919   0.016005452373393201648 -0.0026706876803586770963 -0.0051389759773676525756  0.0050102855015340466704   0.012224589684998385386   0.012277895025436909998  0.0051389759773676525756 -0.0050102855015340466704  -0.012224589684998392325  -0.012277895025436909998                         0                         0
-0.0097267496414334825294 -0.0097567722562972841044  -0.017266469562266083954  -0.019939956082334724108  -0.010932886762495583333   0.004478519346924194483   0.017266469562266080484   0.019939956082334724108   0.010932886762495583333  -0.004478519346924194483 -0.0051798701762218769817  0.0050722526166101372658   0.012353118618414343777    0.01239769527115501882  0.0051798701762218804512 -0.0050722526166101372658  -0.012353118618414336838   -0.01239769527115501882                         0                         0
-0.0097412404535167293473 -0.0097631120486912203321  -0.014724364816476829057  -0.014743518749518451372 -0.0061261193561941637564   0.006079877671272309464   0.014724364816476829057   0.014743518749518444433  0.0061261193561941706953  -0.006079877671272309464 -0.0051506269455291117665  0.0050619080110624950497   0.012309245906258724224   0.012345994492154076932  0.0051506269455291152359 -0.0050619080110624950497  -0.012309245906258717285  -0.012345994492154076932                         0                         0
-0.18112141283565383332  0.35972950171752315907 -0.28158893613006674705  0.12474542834004828662  0.45800561273260403938  0.52297232082939992814  0.28158893613006680257 -0.12474542834004825886 -0.45800561273260403938 -0.52297232082939992814 -0.43801510133286036819 -0.19916668308384374853  0.15635087694282445714  0.42028021374531288057  0.43801510133286036819  0.19916668308384377628 -0.15635087694282445714 -0.42028021374531288057                       0                       0
 -0.38302157913887441287 0.0050030813354151430772   0.22423462334538846186   0.34334508581104333791   0.26132865358274315337  0.026229440322372371552  -0.22423462334538840635   -0.3433450858110432824  -0.26132865358274320888 -0.026229440322372371552 -0.022931312975265488729   -0.1677246880226487824  -0.21426721557116068517  -0.13529491421000613971  0.022931312975265488729   0.16772468802264881016   0.21426721557116065742   0.13529491421000613971                        0                        0
-0.0094617798301726337845  -0.066174338567130577826    0.26568554305908781421    0.26521920619353794857    0.10939105534163985622   -0.11051689212708500076   -0.26568554305908781421   -0.26521920619353794857   -0.10939105534163989786    0.11051689212708500076   0.060451077654026616481   -0.17147506471133824868   -0.30295343977760524901   -0.25696579858973178645  -0.060451077654026630359    0.17147506471133822092    0.30295343977760524901    0.25696579858973178645                         0                         0
-0.0097206444754094675081 -0.0098801197276479780368    0.17223321945780592501    0.19163598493234207387   0.098780989472238331373  -0.051938569916068669241   -0.17223321945780592501   -0.19163598493234207387  -0.098780989472238373006   0.051938569916068669241  0.0055641988462162058487    -0.1652745435777506211   -0.23929769988889418308   -0.17314350904981029577 -0.0055641988462162197265    0.16527454357775059335     0.2392976998888942386    0.17314350904981029577                         0                         0
-0.0097532220311231810489 -0.0098578340068407460661    0.15860250344162896141    0.17549519497747184671   0.089585181426822382833  -0.048802616416005341338   -0.15860250344162896141   -0.17549519497747184671  -0.089585181426822410589   0.048802616416005341338 -0.0011195957648251772878   -0.16865671985051711168    -0.2373970248331356836   -0.16707337233552579936  0.0011195957648251651448    0.16865671985051708393     0.2373970248331356836    0.16707337233552579936                         0                         0
-0.0097821375335860622641 -0.0098353273197328387745    0.14507358028353803392    0.15931316448657922846   0.080229257597958070214  -0.045851860292422254306   -0.14507358028353803392   -0.15931316448657928397  -0.080229257597958097969   0.045851860292422254306 -0.0078317339110401847091   -0.17213439135681302128   -0.23560305689660279715   -0.16105864704292266465  0.0078317339110401847091    0.17213439135681302128    0.23560305689660279715    0.16105864704292266465                         0                         0
-0.0098073672954660431195 -0.0098125969423854524781    0.13164563418711028309    0.14309841442926415911    0.07072608425284081235  -0.043076626865354461504   -0.13164563418711028309    -0.1430984144292641036  -0.070726084252840826228   0.043076626865354461504  -0.014569653985609457014   -0.17570026047260164925   -0.23390803728722914245   -0.15509565820706952555   0.014569653985609443136    0.17570026047260156599    0.23390803728722919796    0.15509565820706952555                         0                         0
-0.0098288935280973818015 -0.0097896425767129667539    0.11831766571655655262    0.12685933998800666411   0.061088533408181940054  -0.040467107536673839474   -0.11831766571655655262   -0.12685933998800666411  -0.061088533408181946993   0.040467107536673839474  -0.021330911603419679817   -0.17934704548996124873   -0.23230411250002788726   -0.14918058100262351906   0.021330911603419652062    0.17934704548996124873    0.23230411250002794277    0.14918058100262351906                         0                         0
-0.0098467044357318494335 -0.0097664663864269335436    0.10508849984412407808    0.11060420537467759161   0.051329467452244134651  -0.038013376354325563444   -0.10508849984412407808   -0.11060420537467763324   -0.05132946745224414159   0.038013376354325563444  -0.028113175609972004126   -0.18306748574837120036   -0.23078334556491780782   -0.14330945151937224402   0.028113175609971990249    0.18306748574837120036    0.23078334556491780782    0.14330945151937224402                         0                         0
  0.13059753791663131217 -0.099733276993352631967    0.2200076255023898919   0.13865314561046243602 -0.023922466514382262348  -0.17248462220051807847   -0.2200076255023898919  -0.13865314561046243602   0.02392246651438224847   0.17248462220051807847  0.073188176208756394736  -0.18664867026444892373  -0.33714925709564386169  -0.29015238166422413491 -0.073188176208756408614   0.18664867026444892373   0.33714925709564386169   0.29015238166422413491                        0                        0
 -0.39096950353549031476 -0.010189285738235721868 -0.029692127081776931163   0.21777112382891800069   0.33766700389386339332    0.2597621326436723721  0.029692127081776958919  -0.21777112382891797293  -0.33766700389386344883   -0.2597621326436723721  -0.13682154892068668084 -0.028482758943722069622  0.096540844928671404324   0.16501213116480697995   0.13682154892068670859  0.028482758943722069622 -0.096540844928671432079  -0.16501213116480697995                        0                        0
   -0.22216355030463841302  -0.0096674515839103858372    -0.15923845386203347441   -0.064059918167804721922    0.068644048784613359571     0.16113726293520533317     0.15923845386203350216    0.064059918167804721922   -0.068644048784613345693    -0.16113726293520533317 -0.00028269021963497897865 -0.00051980267490417397802 -0.00045242177297231955801 -0.00012001833234616399171  0.00028269021963499285643  0.00051980267490417397802  0.00045242177297234731359  0.00012001833234616399171                          0                          0
 -0.37268906607085378058  -0.21462075964031351871  0.044122081540645091691 -0.035649965711966311033 -0.094538746548643595724 -0.098048011826878125885 -0.044122081540645091691  0.035649965711966324911  0.094538746548643637357  0.098048011826878125885  0.019427391423109716118 -0.045427176665839757996 -0.083671120764258852254 -0.072901657097932226481 -0.019427391423109716118  0.045427176665839764935  0.083671120764258866132  0.072901657097932226481                        0                        0
 -0.0097849972258543735371  -0.0097849972258544637427  2.2801934660546252509e-05  9.1076315184620421084e-06 -9.9217986460429369311e-06 -2.3139173726843820234e-05 -2.2801934660546252509e-05 -9.1076315184603073849e-06  9.9217986460429369311e-06  2.3139173726843820234e-05  2.2801934660580946979e-05  9.1076315184759198962e-06 -9.9217986460620188893e-06 -2.3139173726878514703e-05 -2.2801934660580946979e-05 -9.1076315184741851727e-06  9.9217986460620188893e-06  2.3139173726878514703e-05                          0                          0
 -0.0097899103638112976861  -0.0097899103638112942166  1.8298102356595347118e-05  7.3087063287863990313e-06 -7.9620307430194880993e-06 -1.8568718189591187917e-05 -1.8298102356595347118e-05 -7.3087063287863990313e-06  7.9620307430194880993e-06  1.8568718189591187917e-05   1.829810235658146933e-05  7.3087063287811948609e-06 -7.9620307430125492054e-06 -1.8568718189577310129e-05  -1.829810235658146933e-05 -7.3087063287811948609e-06  7.9620307430125492054e-06  1.8568718189577310129e-05                          0                          0
 -0.0097942877026825584524  -0.0097942877026825723302  1.4295120580425091372e-05   5.709826422678129787e-06 -6.2202066146779810829e-06 -1.4506526977917100218e-05 -1.4295120580425091372e-05  -5.709826422678129787e-06  6.2202066146779810829e-06  1.4506526977917100218e-05   1.429512058043896916e-05  5.7098264226833339574e-06 -6.2202066146831852533e-06 -1.4506526977927508559e-05  -1.429512058043896916e-05 -5.7098264226833339574e-06  6.2202066146831852533e-06  1.4506526977927508559e-05                          0                          0
 -0.0097981286676013645137  -0.0097981286676013610443   1.079009804938468875e-05   4.309838701879731282e-06 -4.6950657055476463508e-06 -1.0949664298900291248e-05  -1.079009804938468875e-05 -4.3098387018779965585e-06  4.6950657055476463508e-06  1.0949664298900291248e-05  1.0790098049388158197e-05   4.309838701879731282e-06 -4.6950657055493810743e-06 -1.0949664298903760695e-05 -1.0790098049388158197e-05 -4.3098387018779965585e-06  4.6950657055493810743e-06  1.0949664298903760695e-05                          0                          0
 -0.0098014327675594817985  -0.0098014327675594748596  7.7805065747706125823e-06  3.1077348714454028356e-06  -3.385505771311830836e-06 -7.8955630487230477055e-06 -7.7805065747706125823e-06 -3.1077348714454028356e-06   3.385505771311830836e-06  7.8955630487230477055e-06  7.7805065747671431353e-06  3.1077348714436681121e-06 -3.3855057713083613891e-06 -7.8955630487230477055e-06 -7.7805065747671431353e-06 -3.1077348714436681121e-06  3.3855057713083613891e-06  7.8955630487230477055e-06                          0                          0
 -0.0098041995929752830119  -0.0098041995929752934202  5.2641805223449522622e-06  2.1026512256726997974e-06  -2.290582642062478913e-06 -5.3420242638151094194e-06 -5.2641805223449522622e-06 -2.1026512256726997974e-06   2.290582642062478913e-06  5.3420242638151094194e-06  5.2641805223449522622e-06  2.1026512256718324356e-06 -2.2905826420616115513e-06 -5.3420242638151094194e-06 -5.2641805223449522622e-06 -2.1026512256709650739e-06  2.2905826420616115513e-06  5.3420242638151094194e-06                          0                          0
 -0.0098064288136179723204  -0.0098064288136179757899  3.2393163431811838882e-06  1.2938684618452739317e-06 -1.4095100165159579753e-06 -3.2872166435028715714e-06 -3.2393163431811838882e-06 -1.2938684618444065699e-06  1.4095100165159579753e-06  3.2872166435028715714e-06  3.2393163431777144412e-06  1.2938684618435392082e-06 -1.4095100165142232518e-06 -3.2872166434994021245e-06 -3.2393163431777144412e-06 -1.2938684618444065699e-06  1.4095100165142232518e-06  3.2872166434994021245e-06                          0                          0
 -0.0098081201768862504714  -0.0098081201768862487367  1.7044721783154859196e-06  6.8081152343035106211e-07 -7.4165928846047987633e-07 -1.7296761478310940241e-06 -1.7044721783154859196e-06 -6.8081152343035106211e-07  7.4165928846047987633e-07  1.7296761478310940241e-06  1.7044721783050775787e-06  6.8081152342644793429e-07 -7.4165928845657674851e-07 -1.7296761478224204067e-06 -1.7044721783050775787e-06 -6.8081152342644793429e-07  7.4165928845657674851e-07  1.7296761478224204067e-06                          0                          0
  -0.12144438310433033901   -0.20693612610008429997    0.24467448079927001103    0.17999052161705991759  0.0098705559701839223896   -0.16603144749586312701   -0.24467448079926998328   -0.17999052161705991759 -0.0098705559701839223896    0.16603144749586312701    0.12684682143449127478    0.13294777463818518992   0.061169724546152000333  -0.046440720578390590201   -0.12684682143449127478   -0.13294777463818518992  -0.061169724546152007272   0.046440720578390590201                         0                         0
 -0.014587449578231170139  -0.014621392738951161094   0.033977271374114353941    0.01070406962210758775   -0.01883943094194395762  -0.037347048367596051566  -0.033977271374114353941  -0.010704069622107584281   0.018839430941943950681   0.037347048367596051566  0.0014701956511046013198 -0.0022536980649102804353 -0.0046574060199947205085  -0.004332868694044339497 -0.0014701956511046013198  0.0022536980649102769658  0.0046574060199947205085   0.004332868694044339497                         0                         0
 -0.0097633762752782349281  -0.0097902330066672958037    0.029789025805916812678    0.011522720682565799205    -0.01349343794119528539   -0.030605323622043874993   -0.029789025805916809209   -0.011522720682565806144    0.013493437941195287125    0.030605323622043874993 -0.00052854527549443114376 -0.00055383494493325448327 -0.00025469561494632919629  0.00019364095199919661994  0.00052854527549443114376  0.00055383494493325274854  0.00025469561494632919629 -0.00019364095199919661994                          0                          0
  -0.009774307876994322089  -0.0097940776798483321353    0.024327560697150588803   0.0090700840828212940525    -0.01150052477536037468   -0.025334282194543727984   -0.024327560697150585334  -0.0090700840828212940525     0.01150052477536037468    0.025334282194543727984 -0.00098926475952341302866  -0.0010086075055189356459 -0.00043712165389275803307  0.00039042413417683663468  0.00098926475952341996756   0.0010086075055189356459  0.00043712165389275976779 -0.00039042413417683663468                          0                          0
 -0.0097838018566730119985  -0.0097975196311258713755    0.018846733299141014972   0.0066121117408176489222   -0.009495795199350315352    -0.02004119409725619444   -0.018846733299141014972  -0.0066121117408176541264   0.0094957951993503136173     0.02004119409725619444  -0.0014501586645234050554  -0.0014643439111933359564 -0.00062073635466467456945  0.00058649013976851821495   0.0014501586645234050554    0.001464343911193332487      0.0006207363546646711 -0.00058649013976851821495                          0                          0
 -0.0097918486691423410606  -0.0098005583233958977474    0.013349281149686599221   0.0041493636052053715912  -0.0074811948639878318376   -0.014729370844612911171   -0.013349281149686599221  -0.0041493636052053750607   0.0074811948639878318376    0.014729370844612911171  -0.0019109716488804849577   -0.001920791432001633936 -0.00080543764474626591832  0.00078173059115562576471   0.0019109716488804849577   0.0019207914320016304666  0.00080543764474626591832 -0.00078173059115562576471                          0                          0
 -0.0097984401811231219837  -0.0098031933249988715412   0.0078379426437045433135   0.0016823835622377944846  -0.0054586929928742960322  -0.0094021412255916019668  -0.0078379426437045433135  -0.0016823835622377962193   0.0054586929928742960322   0.0094021412255916019668  -0.0023714589365753310779  -0.0023777074738335901571 -0.00099112722027600626967  0.00097604191688211577871   0.0023714589365753310779   0.0023777074738335884224  0.00099112722027600540231 -0.00097604191688211577871                          0                          0
 -0.0098035696779645853383  -0.0098054243038680193728   0.0023154571114587952502 -0.00078829766108438371897  -0.0034302783549513202188  -0.0040628485112026452991  -0.0023154571114587952502  0.00078829766108438024952   0.0034302783549513210862   0.0040628485112026452991  -0.0028313847805497907584  -0.0028348580412334662901  -0.0011777099087650023598   0.0011693247157168150385   0.0028313847805497907584   0.0028348580412334645554   0.0011777099087650032272  -0.0011693247157168150385                          0                          0
 -0.0098065662765893998887   -0.009807000438948439841  0.00047751878365280553407 -0.00047377538038152755551  -0.0011475383521068359058  -0.0011490889205112292393 -0.00047751878365280553407  0.00047377538038152755551   0.0011475383521068350384   0.0011490889205112292393  -0.0010986283523256763772  -0.0011004824819543365319  -0.0004576888988081524029  0.00045321263391224185513   0.0010986283523256763772   0.0011004824819543365319   0.0004576888988081524029 -0.00045321263391224185513                          0                          0
