0.027190419896386340548                       0                       0 0.050571485929820012006
 0.024593386195255015347                        0                        0                        0                        0                        0                        0 0.0025970337011313317059
                        0                         0                         0                         0                         0 5.4146198420743043561e-19                         0                         0
                         0                          0                          0                          0                          0 -7.2174865248424732494e-18                          0                          0
                       0  0.030033819001390151676                        0                        0                        0                        0                        0 0.0065347750166042713887
-7.3578708103326875313e-18  8.8523521396586149859e-06  8.8523521396386114558e-06                          0
0.0030587724605406207967                        0                        0 0.0030607824128464338614
0.0014585514352966641536                        0 0.0011228306847307120264                        0                        0                        0                        0                        0
                        0                         0                         0                         0                         0 6.9629313906158013017e-22                         0                         0
                         0                          0                          0                          0                          0 -2.1345132210951518831e-22                          0                          0
                       0 0.0018426953237514068565                        0                        0                        0                        0                        0                        0
                        0  5.144250790899840823e-06 5.1442507909011410186e-06                         0
0.0030601841348920576745                        0                        0 0.0030621944244579092122
0.0014591679642608379897                        0 0.0011233065657634405676                        0                        0                        0                        0                        0
                        0                         0                         0                         0                         0 6.6060946648265843135e-22                         0                         0
                        0                         0                         0                         0                         0 2.6228433150620253637e-22                         0                         0
                       0 0.0018434738315381800963                        0                        0                        0                        0                        0                        0
                       0 2.528340943327879651e-06  2.52834094333005102e-06                        0
0.0030610540960633479332                        0                        0 0.0030630645781447129843
0.0014595682435395440635                        0 0.0011236155030501851753                        0                        0                        0                        0                        0
                         0                          0                          0                          0 -3.5261577145333876409e-23                          0                          0                          0
                        0                         0                         0                         0 -3.633993907886937151e-23                         0                         0                         0
                       0 0.0018439792836515568174                        0                        0                        0                        0                        0                        0
                        0 3.5275347414424455709e-07 3.5275347414424466297e-07                         0
0.031155580636286941965 0.043116536299012409028                       0                       0
                      0                       0                       0                       0                       0                       0                       0 0.031155580636286952373
                       0 0.0033663185732546226786  0.039750217725757777676                        0                        0                        0                        0                        0
                        0                         0                         0                         0                         0 3.0570840539736295226e-18                         0                         0
                       0                        0                        0                        0                        0                        0 9.466838257423045311e-18                        0
0.041792344773559461646  0.01752623966543947337 0.031554897548102436855 0.051867905608166731124
 0.006600462250200113748                        0                        0 0.0042028361050210375979
0.0066004622502001154827                        0                        0                        0                        0                        0                        0                        0
                         0                          0                          0                          0                          0                          0 -1.6412494987909011178e-19                          0
                         0                          0                          0                          0                          0                          0                          0 -2.3691783466600924772e-19
                       0                        0                        0                        0                        0                        0                        0 0.0042028361050210410674
0.0038138466996944647702 0.0038822590717884192767 0.0074697824448337257416 0.0079653341941091707068
 0.0054812815926193253144 0.00025491510759931306678                         0  0.0030696764363488913963
0.0028396975044631452695                        0                        0                        0                        0                        0                        0 0.0026415840881561809123
                       0                        0                        0                        0                        0                        0 0.0002549151075993126331                        0
                        0                         0                         0                         0                         0                         0 4.9524419276884673508e-19                         0
                       0                        0                        0                        0                        0                        0                        0 0.0030696764363488879268
0.0021670525438087814667 0.0030882697029127378213 0.0058121997549703003499 0.0056421849553820926232
                      0 0.030272273012757301008                       0                       0
                        0 3.8312785143422048921e-18                         0                         0                         0                         0                         0                         0
                       0                        0                        0                        0 0.0092228613848162957489  0.021049411627940998321                        0                        0
                        0                         0                         0                         0                         0                         0 5.8270125868742531509e-18                         0
-4.7550239365347361317e-19                          0                          0                          0                          0                          0                          0                          0
 0.012652788595717426659 0.0046248945545167927801  0.015447125801410029403  0.019796717789521477843
                       0                        0                        0 0.0054466918468943923207
                         0                          0                          0                          0                          0                          0                          0 -4.3367347956854676555e-20
6.5199976392861762151e-19                         0                         0                         0                         0                         0                         0                         0
                        0 1.3306555415079074919e-18                         0                         0                         0                         0                         0                         0
                        0                         0 0.00039319209486843607676  0.0050534997520259583581                         0                         0                         0                         0
0.0043722952700602562767 0.0089395818296679942921 0.0082810804087921473932 0.0027612157436936943244
 0.002189298905515406693                        0                        0 0.0017210241613469503749
                       0                        0                        0                        0                        0                        0                        0 0.0021892989055154075603
-1.1974083650354563229e-18                          0                          0                          0                          0                          0                          0                          0
                         0 -2.0068176518610678547e-18                          0                          0                          0                          0                          0                          0
                       0                        0 0.0017210241613469512423                        0                        0                        0                        0                        0
0.0045017712351319988384 0.0078739658253605231131 0.0066357566238614976509 0.0015077143917875449573
                       0  0.060944161589601461571  0.003172845520075985408 0.0054889787641667717871
                         0                          0                          0                          0 -1.5416349482962613453e-17                          0                          0                          0
                      0                       0                       0                       0                       0 0.060944161589601461571                       0                       0
                        0                         0   0.002173200208661379973 0.00099964531141460803709                         0                         0                         0                         0
                       0                        0                        0 0.0054889787641667674503                        0                        0                        0                        0
 0.034672650817469029272  0.022649466329317084062 0.0026414720938878525312  0.026385067095843820623
                       0 0.0067035322444665831551 0.0014335906067314651939 0.0016728771488019602513
                        0                         0                         0                         0 1.9629884505511659908e-18                         0                         0                         0
                       0                        0                        0                        0                        0 0.0067035322444665840225                        0                        0
                       0                        0                        0 0.0014335906067314647602                        0                        0                        0                        0
                       0                        0                        0 0.0016728771488019567818                        0                        0                        0                        0
 0.029414898602897251306  0.018657356960358285891 0.0041793754939884724536   0.02294159189605150112
                       0 0.0067051946517364315742 0.0014314656905074915009 0.0016733396577560237257
                         0                          0                          0                          0 -2.6467583730077506089e-19                          0                          0                          0
                       0                        0                        0                        0                        0 0.0067051946517364333089                        0                        0
                      0                       0                       0 0.001431465690507491284                       0                       0                       0                       0
                      0                       0                       0 0.001673339657756024593                       0                       0                       0                       0
 0.024157300096179331467  0.014671083355339875273 0.0057114342702258950879  0.019492498305516716556
0.0018715344932078747161 0.0058074281460170542463 0.0021310373607750666275                        0
                       0                        0                        0                        0 0.0018715344932078731982                        0                        0                        0
                       0                        0                        0                        0 0.0022867092993022896004 0.0035207188467147598754                        0                        0
                       0                        0                        0 0.0021310373607750674949                        0                        0                        0                        0
                        0                         0                         0 -1.782586131613846892e-18                         0                         0                         0                         0
 0.020172521311719156245  0.011780790546161047996 0.0057176786658337582642  0.016747462869099200011
0.0020348979660908578411 0.0064450917958933269525 0.0013300102380158296614                        0
                       0                        0                        0                        0 0.0020348979660908561064                        0                        0                        0
                        0                         0                         0                         0   0.005545141057730781052 0.00089995073816254503307                         0                         0
                       0                        0                        0 0.0013300102380158296614                        0                        0                        0                        0
                         0                          0                          0 -9.2577782987876738975e-19                          0                          0                          0                          0
 0.016888323259497760309 0.0095637660738563563811  0.004696779867419401816  0.014319929891217126477
0.00091182538613841638588  0.0077397789742830857412                         0  0.0011583956395784637556
                        0                         0                         0                         0 0.00091182538613841725324                         0                         0                         0
                        0                         0                         0                         0   0.007399468828633247279 0.00034031014564983900431                         0                         0
                        0                         0                         0 8.1497644929741728536e-19                         0                         0                         0                         0
                       0                        0                        0 0.0011583956395784650566                        0                        0                        0                        0
 0.013463025185490879593 0.0073011022763654334286  0.003645752299074130412  0.011738490671565003989
 0.037773038067807483686 0.0035961601808332729902                        0                        0
                      0                       0                       0                       0 0.037773038067807490625                       0                       0                       0
                       0                        0                        0                        0                        0                        0 0.0035961601808332643165                        0
1.5876627545683725801e-17                         0                         0                         0                         0                         0                         0                         0
                        0                         0 1.4973659587434400337e-18                         0                         0                         0                         0                         0
0.033611406085380352016 0.042818198756445040309 0.048974887354009628837 0.039766943224026907178
0.064484144289181075105                       0                       0 0.027245160826368606394
                       0 0.0015986119029030331547  0.062255980571751363961                        0                        0                        0                        0                        0
                         0                          0                          0                          0                          0 -4.4034515715541810492e-18                          0                          0
                        0                         0                         0                         0                         0                         0 7.1596965547260711862e-18                         0
                      0                       0                       0                       0                       0                       0                       0 0.027245160826368599455
                      0 0.016283482718877549666  0.02306651230188379309 0.016296086579671659189
0.0026398183402826995263                        0                        0 0.0013150388556223372317
                       0                        0                        0 0.0011235608372211847508                        0 0.0012946863732443761319                        0                        0
                       0                        0                        0                        0                        0 7.308324650403786882e-20                        0                        0
                        0                         0                         0                         0                         0                         0 4.8315807577946247543e-18                         0
                       0                        0                        0                        0                        0                        0                        0 0.0013150388556223344128
                      0 0.015300556037090275174 0.021655377801100467172 0.015307411491356053002
0.0036205687312962555463                        0                        0 0.0012874600074136829855
                        0                         0                         0                         0  0.0034217407924895214266 0.00019882793880673295416                         0                         0
                         0                          0                          0                          0                          0 -1.7445896405631750687e-18                          0                          0
                        0                         0                         0                         0                         0                         0 2.8818355808593443697e-18                         0
                       0                        0                        0                        0                        0                        0                        0 0.0012874600074136823349
0.00014332082827759660515   0.014084581278477056182   0.019777758628835150068   0.013884726358233213939
   0.1378153981695874053  0.012933839765102773597 0.0051485023363076372338                        0
                     0 0.13781539816958737754                      0                      0                      0                      0                      0                      0
                      0                       0                       0                       0                       0 0.012933839765102752781                       0                       0
                      0                       0                       0                       0                       0                       0 0.005148502336307654581                       0
                         0                          0                          0                          0                          0                          0                          0 -2.1947741535868990456e-17
0.026461079222972874736 0.038112101719794580501 0.066053329859344728225 0.055301394980542213642
0.0025344039367698949043 0.0025579427546401443255                        0 0.0047176533085900142564
                      0 0.002534403936769894037                       0                       0                       0                       0                       0                       0
                       0                        0                        0                        0                        0 0.0025579427546401412898                        0                        0
                         0                          0                          0                          0                          0                          0 -1.2823664053837087095e-19                          0
                       0                        0                        0                        0                        0                        0                        0 0.0047176533085900064501
0.022274101890322264841  0.03471219722747539288 0.059848051077194305836 0.049925712122037863017
0.0025323682998011618796 0.0025551683619226672056                        0 0.0047224633382760856232
                       0 0.0025323682998011644817                        0                        0                        0                        0                        0                        0
                       0                        0                        0                        0                        0 0.0025551683619226654709                        0                        0
                         0                          0                          0                          0                          0                          0 -8.6676180408987178903e-19                          0
                       0                        0                        0                        0                        0                        0                        0 0.0047224633382760838884
0.018115112307719876544 0.031285742245695538633 0.053643078850817954573 0.044577013317516442359
0.0025305885352360185485 0.0025527629585170726577                        0 0.0047266485062469132741
                       0 0.0025305885352360176811                        0                        0                        0                        0                        0                        0
                       0                        0                        0                        0                        0 0.0025527629585170730914                        0                        0
                        0                         0                         0                         0                         0                         0 -7.819068693843477089e-18                         0
                       0                        0                        0                        0                        0                        0                        0 0.0047266485062469176109
0.013980623714986911005 0.027836235457227812007 0.047438511617452001901  0.03925193909167176004
0.0025290709678003429201 0.0025507266120192023662                        0 0.0047302024201805242462
                       0 0.0025290709678003463895                        0                        0                        0                        0                        0                        0
                       0                        0                        0                        0                        0 0.0025507266120192001978                        0                        0
                         0                          0                          0                          0                          0                          0 -3.3213085287679467336e-19                          0
                       0                        0                        0                        0                        0                        0                        0 0.0047302024201805207768
0.0098671089800616684079  0.024367120902260272497  0.041234382609879674519  0.033947092398801080593
 0.0065259236023403775426 0.00028477681154435541093  0.0029992995861152153651                         0
0.0019820568394789939669 0.0045438667628613814073                        0                        0                        0                        0                        0                        0
                        0                         0                         0                         0                         0 0.00028477681154435660355                         0                         0
                       0                        0                        0                        0                        0                        0 0.0029992995861152244724                        0
                        0                         0                         0                         0                         0                         0                         0 1.5915259682812653892e-18
0.0051064902391464430872  0.021966010032959792236  0.036171114238423097975  0.029187662501791392794
0.0045472994133403102021 0.0014852868042357996424                        0 0.0037774137824239449428
0.0045472994133403128042                        0                        0                        0                        0                        0                        0                        0
                       0                        0                        0                        0                        0 0.0014852868042358024613                        0                        0
                         0                          0                          0                          0                          0                          0 -4.0555276350863226727e-18                          0
                      0                       0                       0                       0                       0                       0                       0 0.003777413782423940606
0.0033092744031116582727  0.020371369550863702158  0.032118737084774987012  0.025051377509471593058
 0.0065635462511726286663                         0 0.00095339491231980508321  0.0022930588365075790791
0.0047927817120366790482                        0                        0                        0                        0                        0                        0 0.0017707645391359507023
                        0                         0                         0                         0                         0 5.9839989727737080822e-18                         0                         0
                        0                         0                         0                         0                         0                         0 0.00095339491231981527471                         0
                      0                       0                       0                       0                       0                       0                       0 0.002293058836507566936
0.0012734027127754656873    0.0201362403727015013  0.029750342922727785605  0.021937092107608590491
 0.0036636029617439242606 0.00062366254864463220066                         0  0.0055227344896114256845
                        0                         0                         0                         0                         0 0.00036754404004858047626  0.0012312049433771557558   0.002064853978318186619
                        0                         0                         0                         0                         0 0.00062366254864463371854                         0                         0
                         0                          0                          0                          0                          0                          0 -4.5890897666314417039e-18                          0
                       0                        0                        0                        0                        0                        0                        0 0.0055227344896114256845
2.710505431213761085e-17  0.018828835760035522728  0.026627991241832665165  0.018828825147970101872
                     0                      0                      0 0.10289585343055622502
                        0                         0                         0 1.0661297510043901179e-17                         0                         0                         0                         0
                        0                         0                         0                         0 7.7713942020771616808e-19                         0                         0                         0
                        0                         0                         0                         0                         0 4.6045279283709805268e-19                         0                         0
0.075981295679003912902 0.009031415390584560457                       0                       0                       0                       0                       0                       0
0.0070359229275953867958 0.0099071285950333796283  0.007024269085034414925                        0
                      0 0.052073139578031606145 0.032830984104710851657                       0
                         0 -2.7238094850241450568e-19                          0                          0                          0                          0                          0                          0
                       0                        0  0.025237648674128039528                        0 0.0063883647993926923406                        0                        0                        0
                      0                       0                       0                       0                       0 0.030951341760910605627                       0                       0
                        0 1.1305956024607185961e-18                         0                         0                         0                         0                         0                         0
5.3077167480893638814e-06                         0                         0 5.3077167480818439229e-06
                       0 0.0030670143884559794741 0.0030623688679737967773                        0
                         0                          0 -6.8778359742636682675e-22                          0                          0                          0                          0                          0
                       0                        0                        0 0.0019360155723901685976                        0                        0                        0                        0
                        0                         0  0.0019107358668875419963                         0 0.00028322096218994343222                         0                         0                         0
                        0                         0 2.7782872114070182657e-22                         0                         0                         0                         0                         0
5.6321380827355664925e-06                         0                         0 5.6321380827290672087e-06
                       0 0.0030692397889664712295 0.0030645931821343718252                        0
                        0                         0 2.5569871568499963724e-21                         0                         0                         0                         0                         0
                       0                        0                        0 0.0019372549122610466677                        0                        0                        0                        0
                        0                         0  0.0019119617393170702368                         0 0.00028340775211871946978                         0                         0                         0
                         0                          0 -2.7182393181586961782e-22                          0                          0                          0                          0                          0
5.510120621098765027e-06                        0                        0 5.510120621099640012e-06
                       0 0.0030709245024355580518 0.0030662771026375439283                        0
                         0                          0 -5.2136052317844179158e-19                          0                          0                          0                          0                          0
                       0                        0                        0 0.0019382091799449536682                        0                        0                        0                        0
                        0                         0  0.0019129056129397940898                         0 0.00028355152962565338855                         0                         0                         0
                         0                          0 -5.0430629546911569515e-19                          0                          0                          0                          0                          0
4.2314227819009052992e-06                         0                         0 4.2314227818997050536e-06
0.046738726165691170389 0.056105711873180613702                       0                       0
0.046738726165691184267                       0                       0                       0                       0                       0                       0                       0
                      0                       0                       0 0.056105711873180606764                       0                       0                       0                       0
                         0                          0                          0                          0                          0                          0 -4.7193095349646726368e-18                          0
                         0                          0                          0                          0                          0                          0                          0 -2.7771214473854342791e-18
0.064513563323736630717 0.027706570518801092173 0.068979336153377063257 0.094394688923888483978
0.028681614284496389361 0.069153951630007565177                       0                       0
                        0 0.00039322449302686934532                         0   0.026623980370081370278                         0                         0                         0                         0
                      0                       0 0.045555056451147678265                       0                       0                       0                       0                       0
                         0                          0 -3.0655697705222817156e-21                          0                          0                          0                          0                          0
                        0                         0 6.9955516729387681879e-18                         0                         0                         0                         0                         0
                        0                         0 4.4235002841865402157e-06 4.4235002841613867253e-06
                      0 0.034971310102621694371 0.056883066538606447127 0.055400414883279826272
                        0                         0                         0 3.2578380258625625397e-18                         0                         0                         0                         0
                      0                       0                       0  0.02175640003739121725                       0 0.013214910065230459774                       0                       0
                       0                        0   0.02106375103585242381                        0 0.0087197628908133126974                        0                        0                        0
                      0                       0 0.055400414883279826272                       0                       0                       0                       0                       0
 -6.505213034913026604e-17 -1.2495430037895438602e-17                          0 -2.6020852139652106416e-17
0.0063620089795297356944                        0 0.0036020007581016259129 0.0022022906570509852113
0.0019739951807886406583  0.000852979161541087493                        0                        0                        0                        0                        0                        0
                       0 2.175687077397056145e-19                        0                        0                        0                        0                        0                        0
                        0 0.00025502713880391666675                         0                         0                         0                         0                         0                         0
                       0 0.0022022906570509852113                        0                        0                        0                        0                        0                        0
                         0  1.6008391347449061823e-18                          0 -1.9297476339966623012e-18
2.4034558262052837737e-05  0.0048796875578512493091                         0  0.0049062778838867013645
0 0 0 0 0 0 0 0
0 0 0 0 0 0 0 0
0 0 0 0 0 0 0 0
0 0 0 0 0 0 0 0
0 0 0 0
2.4034558262043960832e-05  0.0048796875578512553806                         0  0.0049062778838867091707
0 0 0 0 0 0 0 0
0 0 0 0 0 0 0 0
0 0 0 0 0 0 0 0
0 0 0 0 0 0 0 0
0 0 0 0
 0.0049037221161132944422                         0  0.0048796875578512354313 2.6590326035459448323e-05
0 0 0 0 0 0 0 0
0 0 0 0 0 0 0 0
0 0 0 0 0 0 0 0
0 0 0 0 0 0 0 0
0 0 0 0
0.0049037221161132944422                        0 0.0048796875578512441049 2.659032603545782202e-05
0 0 0 0 0 0 0 0
0 0 0 0 0 0 0 0
0 0 0 0 0 0 0 0
0 0 0 0 0 0 0 0
0 0 0 0
 0.0049037221161133048505                         0  0.0048796875578512519112 2.6590326035454061194e-05
0 0 0 0 0 0 0 0
0 0 0 0 0 0 0 0
0 0 0 0 0 0 0 0
0 0 0 0 0 0 0 0
0 0 0 0
 0.0049037221161132996464                         0  0.0048796875578512449723 2.6590326035455782365e-05
0 0 0 0 0 0 0 0
0 0 0 0 0 0 0 0
0 0 0 0 0 0 0 0
0 0 0 0 0 0 0 0
0 0 0 0
 0.0049037221161132909727                         0  0.0048796875578512406355 2.6590326035459892169e-05
0 0 0 0 0 0 0 0
0 0 0 0 0 0 0 0
0 0 0 0 0 0 0 0
0 0 0 0 0 0 0 0
0 0 0 0
2.4034558262052671719e-05  0.0048796875578512519112                         0  0.0049062778838867039666
0 0 0 0 0 0 0 0
0 0 0 0 0 0 0 0
0 0 0 0 0 0 0 0
0 0 0 0 0 0 0 0
0 0 0 0
                      0                       0   0.0147305173134203507 0.045424294737666549848
                        0                         0                         0 9.0072485193366990333e-19                         0                         0                         0                         0
                        0                         0                         0                         0 -2.779566981262691083e-19                         0                         0                         0
                       0                        0                        0                        0                        0 0.0057589240054115699644                        0 0.0028629038094823205593
                      0                       0 0.045424294737666542909                       0                       0                       0                       0                       0
0.0085093156148925586796 0.0059343247393592781641                        0 0.0060572150742868573897
                      0 0.011605560489904862345 0.064804442051254892987                       0
3.9818780143548606066e-18                         0                         0                         0                         0                         0                         0                         0
                      0 0.011605560489904867549                       0                       0                       0                       0                       0                       0
                       0                        0                        0  0.042613404687391297221 0.0080484682277995253652  0.014142569136064059993                        0                        0
                        0                         0                         0                         0                         0                         0                         0 5.3042165248092582103e-18
  0.028036640012170929021   0.019824346942275691136 2.3852447794681097548e-18   0.019825364346654911207
                      0                       0 0.077662474829175598412                       0
                        0                         0 2.9676374014171863711e-21                         0                         0                         0                         0                         0
                         0                          0 -8.9680398062869645228e-19                          0                          0                          0                          0                          0
 0.063093212177196295043 0.0017638313272165277376  0.012805431324762760886                        0                        0                        0                        0                        0
                        0                         0 1.0112963372705940493e-18                         0                         0                         0                         0                         0
 4.4518411097865780775e-05  2.1922886259802949977e-05 -9.3522829988846135928e-18  2.2595524838061218048e-05
                      0                       0                       0 0.016805100247104864247
                         0                          0                          0                          0                          0                          0                          0 -1.3186391316263220404e-18
                        0                         0                         0                         0                         0                         0 -5.823321983449166749e-19                         0
                        0                         0                         0                         0 -8.167143484365929768e-07                         0                         0 8.1671434843538807243e-07
                       0                        0                        0 0.0034208757757411122763 0.0078587394147465374633 0.0055254850566172145077                        0                        0
 3.955383977610033201e-07 4.1816417463695864572e-07 9.6992355847248083609e-08 -1.091953847441861367e-17
                       0                        0                        0 0.0044588459343175828459
0 0 0 0 0 0 0 0
                        0                         0                         0                         0                         0                         0                         0 4.1915874916738549301e-23
                        0                         0                         0                         0                         0                         0                         0 1.6168208368101463796e-24
                        0                         0                         0                         0  0.0037623866495466273645                         0 0.00039492915110704107737                         0
                        0 3.2901024328065228434e-07 2.3642387553189166233e-07                         0
0.0033928960708388597976                        0 0.0033868643150684169495 0.0013776315967875894363
                        0                         0                         0                         0                         0 3.3421958246686334578e-06                         0                         0
                        0                         0                         0                         0                         0                         0 9.4730524320935820955e-22                         0
0 0 0 0 0 0 0 0
                        0                         0                         0                         0   0.001159442204929723259                         0 0.00012401710851274048899                         0
                         0 -9.6773514223803813739e-19                          0                          0
 0.021078000867925238138                        0                        0 0.0054362650317107442943
                       0                        0                        0 0.0093712036622779354422  0.010650059875324000697                        0                        0                        0
                        0                         0                         0                         0                         0                         0                         0 6.7256941512390291662e-20
5.6160977667507121855e-18                         0                         0                         0                         0                         0                         0                         0
                      0 0.005436265031710743427                       0                       0                       0                       0                       0                       0
                       0 0.0084695639792407486496  0.011975539243427217942 0.0084681508605450525606
                       0 0.0012452826878716651265 0.0073168127850142287635 0.0012464283683622540567
                        0                         0                         0 2.8587108236016366015e-19                         0                         0                         0                         0
                       0                        0 0.0010110466230555234437                        0                        0                        0                        0                        0
                        0                         0  0.0039189368115748815513                         0 0.00064063176197572363306                         0                         0                         0
                       0                        0 0.0012464283683622531893                        0                        0                        0                        0                        0
-2.5072175238727290036e-18                          0                          0 -4.6078592330633938445e-19
0.010155395456395335807  0.07332863837318351341                       0                       0
                      0                       0                       0 0.010155395456395325399                       0                       0                       0                       0
                       0                        0                        0                        0                        0 0.0091745645832918398116  0.064154073789891671864                        0
                        0 6.1818455447341693974e-18                         0                         0                         0                         0                         0                         0
                        0                         0 1.1480073165060023556e-17                         0                         0                         0                         0                         0
0.054348168993655868175  0.01549427392244165369 0.045264771771238478115 0.070437231929217233861
0.023392077309144394814 0.014610924717484109411 0.018143265787029752567                       0
                      0                       0 0.023392077309144387876                       0                       0                       0                       0                       0
                      0                       0                       0                       0 0.014610924717484107677                       0                       0                       0
                      0                       0                       0                       0                       0 0.018143265787029749098                       0                       0
                         0                          0                          0                          0                          0                          0                          0 -3.6803753858707616983e-18
0.028440823934809036228 0.049203268208644443393 0.049274384261421222408  0.03120315440985643729
0.0052783441837093245802                        0 0.0035677663575958804172   0.00096388945869476468
                       0                        0 0.0052783441837093254476                        0                        0                        0                        0                        0
                        0                         0                         0                         0 1.2501111750113856847e-18                         0                         0                         0
                       0                        0                        0                        0                        0 0.0035677663575958895245                        0                        0
                        0                         0                         0                         0                         0                         0                         0 0.00096388945869475860847
0.021470012044361597853 0.042288903383505362099 0.043237680661856438269 0.025819233532235520007
 0.0052801562222186048876                         0  0.0035670023468555435257 0.00096284143092578396757
                       0                        0 0.0052801562222186109591                        0                        0                        0                        0                        0
                        0                         0                         0                         0 2.6577777519605665481e-18                         0                         0                         0
                       0                        0                        0                        0                        0 0.0035670023468555469952                        0                        0
                        0                         0                         0                         0                         0                         0                         0 0.00096284143092578917175
0.014510726244739428209  0.03538677682236013311 0.037183858443480204137 0.020418283824062445631
                      0 0.076770986188037931841                       0                       0
                        0 1.2185770079063160045e-17                         0                         0                         0                         0                         0                         0
                      0                       0                       0 0.026233820761436373731  0.05053716542660156158                       0                       0                       0
                        0                         0                         0                         0                         0                         0 7.5814167984000349374e-18                         0
7.8043305564560901299e-18                         0                         0                         0                         0                         0                         0                         0
0.026636435711926982617  0.01174602758252429012 0.025179507341377999063 0.032798374052617734753
 0.016709651303765962749 0.0040190455778775007953                        0                        0
                      0                       0                       0                       0                       0                       0 0.013970977892495949416  0.00273867341127000943
0.0040190455778774990606                        0                        0                        0                        0                        0                        0                        0
                        0 1.9545873051804347945e-18                         0                         0                         0                         0                         0                         0
                         0                          0 -2.1308242358187522427e-18                          0                          0                          0                          0                          0
6.4393372598615310036e-05  0.0064856056142592625677  0.0091104167404212656189  0.0063951272115267202012
0.0027483042269034123166 0.0014716720537304493841                        0                        0
                       0                        0                        0 0.0015475927874192424178 0.0012007114394841707661                        0                        0                        0
0.001471672053730450902                       0                       0                       0                       0                       0                       0                       0
                        0 1.3687548272981696883e-18                         0                         0                         0                         0                         0                         0
                        0                         0 6.3647804095653980783e-19                         0                         0                         0                         0                         0
0.0005751171864277976678 0.0043972521554053994181 0.0067946197199170825509 0.0052107199820006951108
0.0037038046712479658421  0.001320100243258105115                        0                        0
                       0                        0                        0 0.0012271420590400251155 0.0024766626122079411602                        0                        0                        0
                      0 0.001320100243258106416                       0                       0                       0                       0                       0                       0
                         0                          0 -5.3249534598541385572e-19                          0                          0                          0                          0                          0
                        0                         0                         0 2.0791225102383551138e-19                         0                         0                         0                         0
0.00066720706375790006602  0.0030770093086116357198  0.0050187612346238915512  0.0040205201300624717267
0.010164540146042079158                       0                       0 0.068193127267517236745
                      0                       0                       0                       0                       0                       0 0.010164540146042058341                       0
                        0                         0                         0                         0                         0                         0                         0 8.6280892366598049188e-18
3.2894344714151025073e-18                         0                         0                         0                         0                         0                         0                         0
                       0                        0                        0 0.0092006537422971868684  0.058992473525220051611                        0                        0                        0
 0.041591323276894485994  0.055966490350132951093  0.037557767819040958901 0.0069020699643508728535
0.092033511300276912848 0.060174434231484698332                       0                       0
                       0                        0                        0 0.0073799755052244390974                        0  0.049765309535671355123                        0                        0
                       0                        0                        0 0.0072325792776523137317  0.052941854953832377662                        0                        0                        0
                         0                          0                          0 -1.6621390724885001079e-19                          0                          0                          0                          0
                        0                         0                         0 5.0587867520785794559e-18                         0                         0                         0                         0
                        0 1.2640907946586364685e-18 1.2395772008355635327e-05 1.2395772008347947656e-05
0.032935500173622879461  0.11255768980533556456                       0                       0
                       0                        0                        0                        0                        0  0.013979778105464588447                        0 0.0058675591394952769306
0.033714063721130595186                       0                       0                       0                       0                       0 0.078843626084205017945                       0
                         0                          0                          0                          0                          0                          0                          0 -3.7075370786467106763e-18
                       0                        0                        0                        0                        0                        0                        0 3.319607083932030917e-18
                        0 8.2399365108898336985e-18 3.5182709951300794593e-07 3.5182709952992149982e-07
 0.0046396999255854335514 0.00043305141171634352467  0.0042207284088394709382                         0
0 0 0 0 0 0 0 0
                        0                         0                         0                         0                         0                         0                         0 0.00025928494814939887121
                        0                         0 0.00028056004718029413326                         0                         0  0.0007103175985796091876                         0                         0
                         0                          0 -1.6545213304927511293e-19                          0                          0                          0                          0                          0
                        0                         0                         0 -3.232404654034150311e-19
                        0  0.0049003922045957508738 1.1889325468596237807e-05  0.0048977184699356595202
0 0 0 0 0 0 0 0
0 0 0 0 0 0 0 0
0 0 0 0 0 0 0 0
0 0 0 0 0 0 0 0
0 0 0 0
0.0048977184699356569181 2.673734660094769716e-06 0.0049096077954042518718                        0
0 0 0 0 0 0 0 0
0 0 0 0 0 0 0 0
0 0 0 0 0 0 0 0
0 0 0 0 0 0 0 0
0 0 0 0
                        0  0.0049003922045957482717 1.1889325468591773944e-05   0.004897718469935654316
0 0 0 0 0 0 0 0
0 0 0 0 0 0 0 0
0 0 0 0 0 0 0 0
0 0 0 0 0 0 0 0
0 0 0 0
 0.0048977184699356482445 2.6737346600978800209e-06  0.0049096077954042466676                         0
0 0 0 0 0 0 0 0
0 0 0 0 0 0 0 0
0 0 0 0 0 0 0 0
0 0 0 0 0 0 0 0
0 0 0 0
                        0  0.0049003922045957526085 1.1889325468595785492e-05  0.0048977184699356629896
0 0 0 0 0 0 0 0
0 0 0 0 0 0 0 0
0 0 0 0 0 0 0 0
0 0 0 0 0 0 0 0
0 0 0 0
0.041654415016589542431 0.023834446445395583714                       0                       0
                      0                       0                       0                       0                       0                       0 0.041654415016589542431                       0
0.0029516776790759454221    0.0208827687663196912                        0                        0                        0                        0                        0                        0
                         0                          0 -1.9532142059765392324e-17                          0                          0                          0                          0                          0
                       0                        0                        0                        0 2.917734952361876058e-18                        0                        0                        0
 0.03583497547789060711 0.057565149796979367403 0.070973036785462795262 0.049199509953689928021
0.00051303207191112317788  0.0034065706663206538583                         0                         0
                        0                         0                         0                         0                         0                         0 0.00051303207191113282728                         0
0.0034065706663206560267                        0                        0                        0                        0                        0                        0                        0
                         0                          0 -4.1653677461933449119e-18                          0                          0                          0                          0                          0
                         0                          0                          0                          0 -6.2492084550795455813e-18                          0                          0                          0
0.034502170920860442127 0.053593233258652880902 0.066446729642471738519 0.047355468768039116201
 0.02332460142313877785   0.1321932226474844263 0.022686945828125162222                       0
                      0                       0                       0                       0 0.023324601423138795198                       0                       0                       0
                       0                        0                        0                        0                        0  0.083050834381800095474  0.045788868014549344299 0.0033535202511349843611
                      0                       0 0.022686945828125169161                       0                       0                       0                       0                       0
                        0                         0                         0 1.9976248954987931883e-17                         0                         0                         0                         0
0.00013006888241089861161 1.1527271379183773314e-17 0.00013006883506639767907 0.00018394513110590545758
                       0  0.005255960859369339204 0.0009400069674143985473 0.0035579292849973204876
-9.4520130603038417936e-20                          0                          0                          0                          0                          0                          0                          0
                        0                         0                         0                         0 0.00064297858930640076555                         0  0.0027394000066474958298                         0
0 0 0 0 0 0 0 0
0.00068445092160687032168                         0                         0                         0                         0                         0                         0                         0
-3.9607488791238926443e-19                          0                          0                          0
4.0730084531951977575e-06   0.004905165182239939678                         0  0.0049007618093068689227
0 0 0 0 0 0 0 0
0 0 0 0 0 0 0 0
0 0 0 0 0 0 0 0
0 0 0 0 0 0 0 0
0 0 0 0
0.0049048348177600752107 4.403372933064404171e-06 0.0049007618093068793311                        0
0 0 0 0 0 0 0 0
0 0 0 0 0 0 0 0
0 0 0 0 0 0 0 0
0 0 0 0 0 0 0 0
0 0 0 0
 0.0049048348177600578635 4.4033729330709940874e-06  0.0049007618093068611165                         0
0 0 0 0 0 0 0 0
0 0 0 0 0 0 0 0
0 0 0 0 0 0 0 0
0 0 0 0 0 0 0 0
0 0 0 0
4.0730084531978735346e-06  0.0049051651822399292696                         0  0.0049007618093068628512
0 0 0 0 0 0 0 0
0 0 0 0 0 0 0 0
0 0 0 0 0 0 0 0
0 0 0 0 0 0 0 0
0 0 0 0
 0.0049048348177600691392 4.4033729330676042615e-06  0.0049007618093068758616                         0
0 0 0 0 0 0 0 0
0 0 0 0 0 0 0 0
0 0 0 0 0 0 0 0
0 0 0 0 0 0 0 0
0 0 0 0
 0.0049048348177600665371 4.4033729330640297825e-06  0.0049007618093068697901                         0
0 0 0 0 0 0 0 0
0 0 0 0 0 0 0 0
0 0 0 0 0 0 0 0
0 0 0 0 0 0 0 0
0 0 0 0
  0.004904834817760063935 4.4033729330707315072e-06  0.0049007618093068619838                         0
0 0 0 0 0 0 0 0
0 0 0 0 0 0 0 0
0 0 0 0 0 0 0 0
0 0 0 0 0 0 0 0
0 0 0 0
4.0730084531921950257e-06  0.0049051651822399344738                         0  0.0049007618093068689227
0 0 0 0 0 0 0 0
0 0 0 0 0 0 0 0
0 0 0 0 0 0 0 0
0 0 0 0 0 0 0 0
0 0 0 0
 0.054587842091014159018                        0                        0 0.0046607452299377641336
                      0                       0                       0                       0                       0                       0 0.020711055927243104263 0.023974559101313037274
                        0                         0                         0                         0 -3.524120748972361406e-18                         0                         0                         0
                        0                         0                         0                         0                         0 4.1590712680658386533e-18                         0                         0
                       0                        0                        0                        0                        0                        0 0.0046607452299377641336                        0
                       0 0.0019490161846165560133 0.0027469341306249565188 0.0019287981328016444785
 0.024616314323632530747 0.0013885872092856464764 0.0070099724881786560846                        0
                      0                       0                       0                       0                       0                       0 0.024616314323632537686                       0
                       0 0.0013885872092856571015                        0                        0                        0                        0                        0                        0
                       0                        0                        0 0.0070099724881786604214                        0                        0                        0                        0
                        0                         0                         0                         0                         0 1.2938067572571548836e-17                         0                         0
0.045208757321629905457 0.017759533578670581161 0.040682037051198612077 0.059388021327637860458
0.0055077114271744357851 0.0011130367258460479533  0.003189251846979458075                        0
                       0                        0                        0                        0                        0                        0 0.0055077114271744418567                        0
                      0 0.001113036725846045568                       0                       0                       0                       0                       0                       0
                       0                        0                        0 0.0021666572511508789579 0.0010225945958285693593                        0                        0                        0
                         0                          0                          0                          0                          0 -1.1990888098068153975e-18                          0                          0
  0.0392697944322476164 0.012500891962947405928 0.034799892460142339834 0.052375182573177872514
 0.005321752343901350879 0.0017285377279467426404 0.0027597099281519489079                        0
                       0                        0                        0                        0                        0                        0 0.0053217523439013552158                        0
                       0 0.0017285377279467370026                        0                        0                        0                        0                        0                        0
                       0                        0                        0                        0 0.0027597099281519450048                        0                        0                        0
                         0                          0                          0                          0                          0 -6.7581716630497984282e-18                          0                          0
 0.033538097917374942725 0.0078566575369649095661  0.031142703948551741372  0.045736237490982482867
                      0                       0 0.060013256382241059184 0.013691914658320021234
                         0                          0                          0                          0                          0                          0 -4.4640251255546021072e-18                          0
                        0                         0                         0                         0                         0                         0 6.3889215257147526236e-18                         0
                      0                       0                       0                       0                       0 0.060013256382241038367                       0                       0
                      0                       0                       0                       0                       0 0.013691914658320002152                       0                       0
0.019124038609909629199 0.010547543307568721729 0.012511028209318490051  0.01958680884283098278
 0.012045349982061919966 0.0066028345232640138496                        0                        0
                      0                       0                       0                       0                       0                       0 0.012045349982061921701                       0
0.0066028345232640138496                        0                        0                        0                        0                        0                        0                        0
                        0                         0                         0 3.0276437697944535479e-18                         0                         0                         0                         0
                         0                          0                          0                          0                          0 -5.1851111410614703542e-18                          0                          0
0.028545319401603291842 0.015684384223856984164  0.01850573651245594059 0.032548915986266871436
                      0                       0                       0 0.079289655320567337116
                        0                         0                         0                         0                         0                         0                         0 1.3762522472102998304e-17
7.5224316253244986812e-18                         0                         0                         0                         0                         0                         0                         0
                         0                          0 -4.0291694862625030671e-18                          0                          0                          0                          0                          0
                      0                       0                       0                       0                       0 0.073319890694784867202 0.005969764625782456903                       0
0.057477547290228483967 0.047325426866789546687 0.020814475546088402613 0.033958901954047215899
                      0                       0  0.01441646126106688186 0.012806727781881101919
                         0                          0                          0                          0                          0                          0 -6.2309939394874786044e-19                          0
2.9457573397960459193e-18                         0                         0                         0                         0                         0                         0                         0
                     0                      0 0.01441646126106688533                      0                      0                      0                      0                      0
                      0                       0                       0                       0 0.012806727781881101919                       0                       0                       0
0.055332958593488926202 0.052138545027871886772 0.042046155436275392536 0.045232641026073203139
                        0                         0 0.00034929281645954045419  0.0027234996181330216498
                         0                          0                          0                          0                          0                          0 -9.0605162043142306031e-18                          0
-4.2561190446058371235e-18                          0                          0                          0                          0                          0                          0                          0
                        0                         0 0.00034929281645954067103                         0                         0                         0                         0                         0
                       0                        0                        0                        0 0.0027234996181330181804                        0                        0                        0
 0.05275632598308557103 0.050744752685742008924 0.040073738265366316835 0.042082993357437349646
 0.07676425938697994944 0.080220054845849875225                       0                       0
                      0                       0                       0                       0 0.030093803952376350225                       0 0.033200393288110023604                       0
                      0                       0                       0                       0                       0 0.031014194668533622695                       0                       0
                       0                        0 3.281449583882028515e-18                        0                        0                        0                        0                        0
                         0                          0 -1.9272558385731458365e-18                          0                          0                          0                          0                          0
                        0                         0 1.1114404191324198796e-06 1.1114404191475872751e-06
0.028980672186222824344                       0                       0                       0
                      0                       0 0.016133425991970522934 0.012847246194252299675                       0                       0                       0                       0
3.3882666870275325007e-19                         0                         0                         0                         0                         0                         0                         0
                         0 -3.5261029908989970926e-19                          0                          0                          0                          0                          0                          0
                        0                         0 7.0760065355120035021e-19                         0                         0                         0                         0                         0
0.00048548430413541932525  0.0024815623953385046452  0.0039971108720550018942  0.0031707418345288413547
                      0  0.05528480962235046009 0.026340305905898617894                       0
2.1056077784731812006e-18                         0                         0                         0                         0                         0                         0                         0
                      0                       0                       0 0.039556710339550583966                       0 0.015252235375111162022                       0                       0
                       0                        0                        0 0.0009782859329080489507  0.025362019972990559186                        0                        0                        0
-2.5737018957727199192e-18                          0                          0                          0                          0                          0                          0                          0
 3.3182257752877606581e-06                          0 -2.7502312764399877709e-17  3.3182257753198564305e-06
                      0                       0 0.054658943063346052127                       0
                        0                         0                         0                         0                         0                         0 1.5445290439278121864e-18                         0
                         0                          0                          0                          0                          0                          0                          0 -4.1470336487932670178e-18
                      0                       0                       0 0.014613736407740047021 0.026468722233496059376 0.013576484422109931852                       0                       0
                         0                          0                          0                          0                          0                          0 -3.3305126797862151051e-19                          0
1.6028867918242371544e-05 8.6909300451023466932e-06 6.3325241927915561224e-18 8.0012863109252077857e-06
                       0                        0 0.0044412778299116623809                        0
                        0                         0                         0                         0                         0 3.3026398116857929172e-21                         0                         0
                         0                          0                          0                          0                          0                          0 -5.5586131450964412701e-19                          0
                        0                         0 5.8334033249830834114e-05                         0  0.0037554572041368665045                         0                         0                         0
                        0                         0                         0                         0                         0 4.0358792309139781626e-19                         0                         0
1.5868577654372287533e-05 7.9398592974387326182e-06                         0 9.1122748133916375325e-06
  0.0486227090993350472 0.056127822203209831731 0.028338612822904025307                       0
                      0 0.035903428352373895072                       0                       0                       0                       0                       0                       0
0.0045832529154314002873                        0                        0                        0                        0                        0                        0                        0
                       0                        0                        0                        0                        0                        0                        0 0.0085822119124727945516
-1.716775591430029901e-18                         0                         0                         0                         0                         0                         0                         0
                        0                         0                         0 7.3725747729014301513e-18
2.0453997178464676231e-06  0.0049045848444444093903                         0  0.0049033697558376609926
0 0 0 0 0 0 0 0
0 0 0 0 0 0 0 0
0 0 0 0 0 0 0 0
0 0 0 0 0 0 0 0
0 0 0 0
 0.0049054151555555760081 1.2150886067021572615e-06  0.0049033697558377156364                         0
0 0 0 0 0 0 0 0
0 0 0 0 0 0 0 0
0 0 0 0 0 0 0 0
0 0 0 0 0 0 0 0
0 0 0 0
  0.004905415155555582947 1.2150886067049363766e-06  0.0049033697558377139017                         0
0 0 0 0 0 0 0 0
0 0 0 0 0 0 0 0
0 0 0 0 0 0 0 0
0 0 0 0 0 0 0 0
0 0 0 0
 0.0049054151555555872838 1.2150886067034907032e-06  0.0049033697558377112996                         0
0 0 0 0 0 0 0 0
0 0 0 0 0 0 0 0
0 0 0 0 0 0 0 0
0 0 0 0 0 0 0 0
0 0 0 0
  0.004905415155555582947 1.2150886067049359531e-06  0.0049033697558377104322                         0
0 0 0 0 0 0 0 0
0 0 0 0 0 0 0 0
0 0 0 0 0 0 0 0
0 0 0 0 0 0 0 0
0 0 0 0
0.024373254913921012232   0.0610589976480475638                       0                       0
                      0                       0                       0                       0                       0 0.024373254913921019171                       0                       0
                      0                       0                       0                       0                       0 0.006061888921829907198 0.030936259956578050084                       0
                        0                         0                         0 2.8303192666583307781e-18                         0                         0                         0                         0
                         0                          0                          0                          0 -8.7166478146923979131e-18                          0                          0                          0
0.012262311987824552756                       0 0.012258466223365625455 0.017330048132004852168
                       0 0.0084126489845430738046 0.0044323729294385811814                        0
                         0                          0 -2.6336881958190162455e-18                          0                          0                          0                          0                          0
                       0                        0                        0                        0                        0 0.0084126489845430807435                        0                        0
                       0                        0                        0                        0                        0                        0 0.0044323729294385777119                        0
-2.5541863968965917986e-18                          0                          0                          0                          0                          0                          0                          0
0.034927439710463047129 0.060735651566959460157 0.074243189586717175943 0.053347461843019090832
0.0026974527939264279948 0.0001106951529990563189 0.0039465381024467562424                        0
                       0                        0 0.0026974527939264327653                        0                        0                        0                        0                        0
                       0                        0                        0                        0                        0 0.0001106951529990576335                        0                        0
                       0                        0                        0                        0                        0                        0 0.0039465381024467536403                        0
1.6266603514849739456e-19                         0                         0                         0                         0                         0                         0                         0
0.030787383274262527383 0.056615073328929552132 0.068577779892389750804 0.047833608639525772299
0.0040362393526729252111                        0 0.0048268724216953299774  0.000946888225631663423
                       0                        0 0.0015132836971065055827 0.0025229556555664157252                        0                        0                        0                        0
                         0                          0                          0                          0                          0 -2.4207139782206033651e-18                          0                          0
                       0                        0                        0                        0                        0                        0 0.0048268724216953516615                        0
0.00094688822563166775981                         0                         0                         0                         0                         0                         0                         0
0.024338555563201167559 0.050520585025095390841 0.061365537151711925523 0.041211897149147663777
0.0036473759085172323749                        0 0.0047941258695219793676 0.0013684982219609228421
                       0                        0                        0 0.0036473759085172289054                        0                        0                        0                        0
                        0                         0                         0                         0                         0 1.2899014128532549104e-17                         0                         0
                       0                        0                        0                        0                        0                        0 0.0047941258695219758981                        0
0.0013684982219609152527                        0                        0                        0                        0                        0                        0                        0
0.018913124713947477434  0.04431295367374273042 0.054115238342273407068 0.034816905364548393631
0.0036461476877593774169                        0 0.0047958808262021455221 0.0013679714860383711695
                       0                        0                        0 0.0036461476877593769833                        0                        0                        0                        0
                        0                         0                         0                         0                         0 6.8266566816714583533e-18                         0                         0
                       0                        0                        0                        0                        0                        0 0.0047958808262021489915                        0
0.0013679714860383833126                        0                        0                        0                        0                        0                        0                        0
0.013461794309689693178 0.038078474744780495265 0.046871549580619238651  0.02842911456474205012
                      0 0.027242017916514416759 0.029877834039325569526                       0
                        0                         0 2.0721045604041607807e-18                         0                         0                         0                         0                         0
                      0                       0                       0                       0                       0 0.027242017916514416759                       0                       0
                       0                        0                        0                        0                        0                        0  0.021198614439000142834 0.0086792196003254197534
6.0741609863055243064e-18                         0                         0                         0                         0                         0                         0                         0
0.021043210473961404539 0.028484831551186483994 0.045613689817695257656 0.045436332994495391702
