 -0.51054357950500262042 -0.091690415074504566517  0.090670939456772237097   0.21991848736738162096   0.22034076799475499353  0.091690415074504594273 -0.090670939456772209342  -0.21991848736738167647  -0.22034076799475499353                        0
 -0.0094033877471681251436 -7.8560865717416245024e-05  0.00079478305626881629031   0.0012025538430370796839  0.00090588489803813954104  7.8560865717395428343e-05 -0.00079478305626878853474  -0.0012025538430371074394 -0.00090588489803813954104                          0
 -0.0093818960130026760047 -7.0693301423795790184e-05  0.00082460467621861543996   0.0012368604181284548194  0.00092458010186105554773  7.0693301423781912396e-05 -0.00082460467621864319554  -0.0012368604181284548194 -0.00092458010186105554773                          0
 -0.0093600109118144314557 -6.2176530792268369652e-05  0.00085526528178692107218   0.0012717042917222143306  0.00094319617489468932092   6.217653079228224744e-05 -0.00085526528178692107218  -0.0012717042917222420861 -0.00094319617489468932092                          0
 -0.39844578719584000659   0.43609614805853746944   0.33071419624132314397  0.031604353535259005481  -0.28601889084172571476  -0.43609614805853735842  -0.33071419624132314397 -0.031604353535259088748   0.28601889084172571476                        0
-0.0098594925077817967274  0.0024684358667325517755  0.0056598032203566683851  0.0055357346078587915672  0.0021689077397753081522 -0.0024684358667325517755 -0.0056598032203566683851 -0.0055357346078587776894 -0.0021689077397753081522                         0
 -0.0095357244305571374487  0.00040960128132050410699  0.00026791791163884026705 -3.0708137078176017676e-05 -0.00031134577557000164827 -0.00040960128132050410699 -0.00026791791163882638926  3.0708137078179487123e-05  0.00031134577557000164827                          0
 -0.0095188111445994594284  0.00043050013348458482376  0.00028646134406988543741  -2.538261560534188499e-05 -0.00032235778330741426956 -0.00043050013348457094597  -0.0002864613440698993152  2.5382615605331476649e-05  0.00032235778330741426956                          0
 -0.0095014307618343854522  0.00045198729871573362082  0.00030572834450129371398 -1.9622127520126791955e-05 -0.00033347822336289578704 -0.00045198729871573362082 -0.00030572834450129371398  1.9622127520130261402e-05  0.00033347822336289578704                          0
 -0.0094835877239337409983  0.00047407261742241080249  0.00032573097231564096532 -1.3419458688636309862e-05 -0.00034470895279281599244 -0.00047407261742241080249 -0.00032573097231565484311  1.3419458688622432074e-05  0.00034470895279281599244                          0
 -0.0094652867244870014796  0.00049676621221950156837  0.00034648164941764036939 -6.7671644996269986194e-06  -0.0003560518652318267474 -0.00049676621221950156837 -0.00034648164941765424718  6.7671644996131208316e-06   0.0003560518652318267474                          0
 -0.0094465327201785388722  0.00052007848757706920395  0.00036799316015374838873  3.4243037285580646412e-07 -0.00036750889047627854911 -0.00052007848757706920395 -0.00036799316015374838873 -3.4243037286968425192e-07  0.00036750889047627854911                          0
 -0.0094273309423430692866  0.00054402012934259835752  0.00039027865107794934563  7.9172321165235648444e-06 -0.00037908199404231013308 -0.00054402012934259835752 -0.00039027865107799097899 -7.9172321165305037383e-06  0.00037908199404231013308                          0
 -0.0094076869089103065669  0.00056860210412673639624   0.0004133516305550033465    1.59653778331950158e-05 -0.00039077317669487798835 -0.00056860210412676415181 -0.00041335163055498946871 -1.5965377833201954694e-05  0.00039077317669487798835                          0
 0.35957060286877645661 -0.15933949718125373085 -0.34663980457096921217 -0.33088321570137002592 -0.12129972663553056922  0.15933949718125367534  0.34663980457096921217  0.33088321570137013694  0.12129972663553056922                       0
 -0.57678357349430919854 -0.028259069320517860024   0.10846429310692468073    0.1816507436655413199   0.14842865220004247684  0.028259069320517915536  -0.10846429310692468073  -0.18165074366554129215  -0.14842865220004247684                        0
  -0.009609189775929618052  2.6517567515593754024e-05  2.8794575525345651734e-05  1.4204111715113154624e-05 -8.7069280963747441859e-06 -2.6517567515607631812e-05 -2.8794575525343917011e-05 -1.4204111715113154624e-05  8.7069280963747441859e-06                          0
 -0.0096093020519118846345  1.8105799674761335893e-05  2.9272903031942083818e-05  2.3292336803037994031e-05  3.6674355742838393724e-06 -1.8105799674775213681e-05 -2.9272903031933410201e-05 -2.3292336803024116243e-05 -3.6674355742838393724e-06                          0
 -0.0096088438050140455998  9.1475736443275001974e-06  2.9002728341851868182e-05  3.1868478122573651312e-05  1.6066105631262761477e-05 -9.1475736442997446218e-06 -2.9002728341857180773e-05 -3.1868478122573651312e-05 -1.6066105631262761477e-05                          0
 -0.0096078153016239693091 -3.5997947109289718526e-07  2.7983745517930896929e-05  3.9934971908531236018e-05  2.8492833368101710967e-05  3.5997947107901939745e-07 -2.7983745517930896929e-05 -3.9934971908545113806e-05 -2.8492833368101710967e-05                          0
 -0.0096062170215676801616 -1.0420035306726860291e-05  2.6215229051421498618e-05  4.7493967771969347602e-05  4.0951384302587157116e-05  1.0420035306712982504e-05 -2.6215229051412825001e-05 -4.7493967771955469814e-05 -4.0951384302587157116e-05                          0
 -0.0096040496589612136397 -2.1036077031744149224e-05   2.369603401729952763e-05  5.4547329713480752211e-05  5.3445539454757828857e-05  2.1036077031744149224e-05 -2.3696034017297792906e-05 -5.4547329713494629999e-05 -5.3445539454757828857e-05                          0
 -0.0096013141234713664934 -3.2211896102404824482e-05   2.042459628051086773e-05  6.1096637168314704702e-05  6.5979096618304367006e-05  3.2211896102390946695e-05 -2.0424596280509133006e-05 -6.1096637168314704702e-05 -6.5979096618304367006e-05                          0
 -0.0095980115419878504757 -4.3951592973615061233e-05  1.6398932754662504108e-05  6.7143186083695738375e-05  7.8555871625834994276e-05  4.3951592973601183445e-05 -1.6398932754655565214e-05 -6.7143186083695738375e-05 -7.8555871625834994276e-05                          0
  0.51238312106434336091   0.29879391748135791795   0.39653017467521251005   0.26198443343449989706 -0.026028235781511338542  -0.29879391748135791795  -0.39653017467521251005  -0.26198443343449995258  0.026028235781511338542                        0
  -0.6814206119832563191   0.30058479259402187678   0.38714046456598799617   0.24691450293861899601 -0.037950625763581533056  -0.30058479259402187678  -0.38714046456598799617  -0.24691450293861902376  0.037950625763581533056                        0
 -0.0096096265308293644242  9.7036788109294835891e-05  3.1359477852328787595e-05 -5.2687789221600445089e-05 -0.00010587126394098755888 -9.7036788109294835891e-05 -3.1359477852321848701e-05  5.2687789221600445089e-05  0.00010587126394098755888                          0
 -0.0096152923651114611397  8.4480060648997601369e-05  2.4035723767319022715e-05   -5.04884141157985189e-05 -9.5437123752567520896e-05 -8.4480060648997601369e-05 -2.4035723767319022715e-05  5.0488414115784641112e-05  9.5437123752567520896e-05                          0
 0.17081703743491558067 -0.48058013664882504035 -0.10762896184401546384  0.32836979910488200973  0.57201398521186819224  0.48058013664882515137   0.1076289618440154916 -0.32836979910488195422 -0.57201398521186819224                       0
 -0.26168522745309485966  -0.45192841459450661112  -0.37222519253908781245 -0.074477500951208031044   0.26689810060223434496   0.45192841459450661112   0.37222519253908781245  0.074477500951208086555  -0.26689810060223434496                        0
-0.010034996192039978558 -0.024397082822106147537  0.025301143959746953682  0.060178303753534445608  0.059803829369109162695  0.024397082822106147537 -0.025301143959746953682 -0.060178303753534473364 -0.059803829369109162695                        0
-0.010011996482352108345  -0.01880859489568040277  0.018452868067903624438  0.044904891181991105076  0.045052238058556209888   0.01880859489568040277 -0.018452868067903610561 -0.044904891181991091198 -0.045052238058556209888                        0
-0.0099859854742185491516  -0.013311616317249308494   0.011540383332221140766    0.02963218294066086167   0.030365851665182075347   0.013311616317249308494  -0.011540383332221140766  -0.029632182940660833914  -0.030365851665182075347                         0
-0.0099569671013834924744 -0.0079031697419233160051  0.0045736306273493065877    0.01437126020440565588   0.015750400462113955946  0.0079031697419233437607 -0.0045736306273493065877   -0.01437126020440565588  -0.015750400462113955946                         0
 -0.0099242490766280506975 -0.00093095752121208352747 -0.00038772730647103348378  0.00038262830589837204531  0.00092884544602028773497  0.00093095752121211128305  0.00038772730647103348378 -0.00038262830589835816752 -0.00092884544602028773497                          0
 -0.0099256854248330264601  0.00025250859963651950402  0.00010754540681616464592 -0.00010041642674621376052 -0.00024955567940568301744 -0.00025250859963651950402 -0.00010754540681616464592   0.0001004164267462415161  0.00024955567940568301744                          0
0.086515806150123636398  0.19015559458215747224 -0.13375999829329077162   -0.379320798271531201 -0.40268061911249763973 -0.19015559458215749999  0.13375999829329077162    0.379320798271531201  0.40268061911249763973                       0
0.075301382461030297311  0.18626207446978546023 -0.13899499997516220895 -0.38283068853670776388 -0.40240935184608017661 -0.18626207446978546023  0.13899499997516218119  0.38283068853670781939  0.40240935184608017661                       0
-0.45139755954074456401  0.10753717220304195856 -0.18619312435154636298 -0.37085401388161892688 -0.33827365174033918738 -0.10753717220304198632  0.18619312435154633523   0.3708540138816189824  0.33827365174033918738                       0
-0.0097718533604748449017  0.0063031550028211612291 -0.0063019372831214573449  -0.015215440177836173086  -0.015215944573850965355 -0.0063031550028211646985  0.0063019372831214556102   0.015215440177836180025   0.015215944573850965355                         0
-0.0097816468174437946892   0.003336931750803155336 -0.0033382562248154886569 -0.0080579389786136178253 -0.0080573903635147124669 -0.0033369317508031588054  0.0033382562248154886569  0.0080579389786136247642  0.0080573903635147124669                         0
 -0.0097900232546190516653  0.00036018300349188736575  -0.0003632400103290734511 -0.00087388195249580788437 -0.00087261569880358116902 -0.00036018300349188910048   0.0003632400103290734511  0.00087388195249580788437  0.00087261569880358116902                          0
 -0.0097948579980753954638   6.901427227598913583e-06 -1.0750763465057142088e-05 -2.2105302725741737824e-05 -2.0510855450055903715e-05  -6.901427227598913583e-06  1.0750763465058876811e-05  2.2105302725745207271e-05  2.0510855450055903715e-05                          0
 -0.0097987942492160830937   4.649786827454552296e-06 -8.9255641277062591765e-06 -1.7272440668684302389e-05 -1.5501355721234816309e-05  -4.649786827454552296e-06   8.925564127704524453e-06  1.7272440668684302389e-05  1.5501355721234816309e-05                          0
    0.32382051953754803497 -0.00078635853595676596939     0.21760973137433411995     0.30853299194990613241       0.218721810280772061  0.00078635853595676596939    -0.21760973137433411995    -0.30853299194990613241      -0.218721810280772061                          0
-0.0096679651011343428063  0.0093200134457696558188 -0.0095876380855718645879  -0.022878981257510200287  -0.022768127502078919222 -0.0093200134457696558188  0.0095876380855718645879   0.022878981257510214165   0.022768127502078919222                         0
-0.0097016172152053301719  0.0045407874498768936722  -0.002281569000330774255 -0.0077674132736346990225 -0.0087032121958002181539 -0.0045407874498768936722  0.0022815690003307464995  0.0077674132736346990225  0.0087032121958002181539                         0
 -0.0097217220574234760461  3.5086194220573796443e-05 -7.2299915837445438704e-05 -0.00013733371575634645279 -0.00012191928755625469627  -3.508619422057726589e-05  7.2299915837459316492e-05  0.00013733371575634645279  0.00012191928755625469627                          0
 -0.0097291361334464997179  3.7415436556581527228e-05 -6.1086870008913995989e-05 -0.00012380531660610705202 -0.00011400028782934668037 -3.7415436556574588334e-05   6.108687000893481267e-05  0.00012380531660612092981  0.00011400028782934668037                          0
 -0.0097359979621140756156  3.9136917828017092624e-05 -5.0616525940308521037e-05   -0.000110719495292996295 -0.00010596448592217755369 -3.9136917828024031518e-05  5.0616525940294643249e-05    0.000110719495292996295  0.00010596448592217755369                          0
 -0.0097423052565314884749  4.0253931240710055794e-05 -4.0883752425578678835e-05  -9.807228840166826167e-05 -9.7811407925030291466e-05 -4.0253931240710055794e-05  4.0883752425578678835e-05   9.807228840166826167e-05  9.7811407925030291466e-05                          0
 -0.0097480559404354849562  4.0769432960441331915e-05 -3.1883823573497505066e-05 -8.5859968678381193286e-05 -8.9540508596400170127e-05 -4.0769432960434393021e-05  3.1883823573490566172e-05  8.5859968678367315498e-05  8.9540508596400170127e-05                          0
 -0.0097532481439392016559  4.0686041741141640293e-05  -2.361241914328182645e-05  -7.407904513401231128e-05 -8.1151171172869074333e-05 -4.0686041741138170846e-05  2.3612419143267948662e-05  7.4079045133998433492e-05  8.1151171172869074333e-05                          0
-0.052456441162819597568  -0.35431889151447509834  0.067065710502841671681   0.44916412887778145446   0.56814829228761365432   0.35431889151447515385  -0.06706571050284161617  -0.44916412887778145446  -0.56814829228761365432                        0
-0.0053241416592226462057     -0.291832670792558313    0.08660485718193715321    0.41431043438663872625    0.49931857816033564657    0.29183267079255836851  -0.086604857181937111577   -0.41431043438663872625   -0.49931857816033564657                         0
-0.009060068619503354112  -0.28732047248469638756  0.085915721047232218588   0.40882365041075563461   0.49224822998253536799   0.28732047248469638756 -0.085915721047232163077  -0.40882365041075563461  -0.49224822998253536799                        0
-0.0091118534108089628554    -0.2778840487076028043   0.086925247943843708676    0.40081491326243040563    0.47991263839328113239     0.2778840487076028043  -0.086925247943843569898   -0.40081491326243040563   -0.47991263839328113239                         0
-0.0091619597126154188327    -0.2682318377847499602    0.08812373116967989195    0.39285761357183185405     0.4674608340251333316    0.26823183778475001571  -0.088123731169679836439   -0.39285761357183185405    -0.4674608340251333316                         0
-0.0092102804477081669232   -0.25837120192585316669   0.089507245422571296567    0.38495356233311051053    0.45489930331275024722     0.2583712019258532222  -0.089507245422571227178   -0.38495356233311056604   -0.45489930331275024722                         0
-0.0092567117540125060104   -0.24830980474465361163   0.091071584909414846076    0.37710447527036083937    0.44223467844951896977    0.24830980474465361163  -0.091071584909414790565   -0.37710447527036083937   -0.44223467844951896977                         0
-0.0093011533902433354143   -0.23805560190204394511   0.092812266408032875753    0.36931196781086877978    0.42947372721679377694    0.23805560190204400062  -0.092812266408032806364   -0.36931196781086877978   -0.42947372721679377694                         0
-0.0093435091361027712564   -0.22761683036512062039   0.094724533442892555613    0.36157755024952292766     0.4166233419696220297    0.22761683036512062039  -0.094724533442892486224   -0.36157755024952292766    -0.4166233419696220297                         0
-0.009383687183988121544  -0.21700199630722394328  0.096803361580987457025   0.35390262313836295949    0.4036905278206997516   0.21700199630722399879 -0.096803361580987373758  -0.35390262313836295949   -0.4036905278206997516                        0
 -0.25907616463409388619  -0.35768580597681387534 -0.097041153036545035881   0.22044889124420874449   0.40880296484421646541   0.35768580597681387534  0.097041153036545035881  -0.22044889124420874449  -0.40880296484421646541                        0
-0.0092687215601062588471  -0.017089185922338170909   0.010856002733756569406    0.03244189222157609076    0.03502376123504255534   0.017089185922338170909  -0.010856002733756565937   -0.03244189222157609076   -0.03502376123504255534                         0
-0.0097056642633035344891 -0.0053368310297675358722   0.010849223048318017842   0.020679949405909642257   0.018396641870708829725  0.0053368310297675428111  -0.010849223048318017842  -0.020679949405909642257  -0.018396641870708829725                         0
-0.0097275414682548681788  0.0041384645146904305846   0.010050431934089311403    0.01007499263420631383  0.0041977592900143134713 -0.0041384645146904305846  -0.010050431934089307934  -0.010074992634206320768 -0.0041977592900143134713                         0
-0.0097337300525280716357  0.0038389792378839965314  0.0064424090546578403893  0.0052719630215683245533  0.0010132725507735265702 -0.0038389792378840104092 -0.0064424090546578403893 -0.0052719630215683314922 -0.0010132725507735265702                         0
-0.0097384190870961982039  0.0030821809146892933939  0.0030834258717430361452  0.0012784417717017770855 -0.0012754361794981017297 -0.0030821809146892933939 -0.0030834258717430378799 -0.0012784417717017840244  0.0012754361794981017297                         0
 -0.0097387945882188783897  0.00066425744080848836415  0.00066378205829847533592  0.00027447214849713949536 -0.00027561982340015139803 -0.00066425744080849530304 -0.00066378205829847533592 -0.00027447214849713949536  0.00027561982340015139803                          0
 -0.0097395728641695208244 -2.4074443786735455486e-05 -2.6581280992483101444e-05 -1.3517164298086636887e-05   7.465123917298199796e-06  2.4074443786735455486e-05  2.6581280992482234082e-05  1.3517164298086636887e-05  -7.465123917298199796e-06                          0
 -0.0097401199353150825361 -2.1456344248917125217e-05 -2.6227457927769683155e-05 -1.5634882459092391827e-05  4.1163951080003258198e-06  2.1456344248924064111e-05  2.6227457927765346346e-05   1.563488245909933072e-05 -4.1163951080003258198e-06                          0
 -0.0097400980940184813534 -1.9398610455332448987e-05 -2.6592660343885236862e-05 -1.8209090462573129798e-05  8.4111765324967890933e-07  1.9398610455332448987e-05  2.6592660343880900053e-05  1.8209090462580068692e-05 -8.4111765324967890933e-07                          0
 -0.19888198523177624821  -0.15924179812133479328  -0.14233478163425908325 -0.042049980463247288442  0.082867128965610992175   0.15924179812133484879   0.14233478163425905549  0.042049980463247316198 -0.082867128965610992175                        0
 -0.0097310626439115529424 -2.4321346526710863056e-05  0.00010950537624559650296  0.00017918533476599107779  0.00014390095435884431296  2.4321346526710863056e-05 -0.00010950537624558262517 -0.00017918533476599107779 -0.00014390095435884431296                          0
 -0.0097406654634551274874 -2.1020127059023091531e-05  0.00010282927265168814723  0.00016644267905200488267  0.00013255622142136630481  2.1020127059026560978e-05 -0.00010282927265168814723 -0.00016644267905200488267 -0.00013255622142136630481                          0
 -0.0097497276112608784182  -1.815861698509224631e-05  9.6278359048251188623e-05  0.00015431677811417882085  0.00012195852146252433856  1.8158616985099185204e-05 -9.6278359048265066411e-05 -0.00015431677811417882085 -0.00012195852146252433856                          0
 -0.0097582461567696371363 -1.5731920260823872848e-05   8.985287143183084968e-05  0.00014280306965790134921  0.00011210116642686868138  1.5731920260827342295e-05  -8.985287143183084968e-05 -0.00014280306965789441032 -0.00011210116642686868138                          0
 -0.0097662183838717088469 -1.3735378150133564779e-05  8.3553108204750814458e-05  0.00013189731695170681114  0.00010297786626897731388  1.3735378150130095332e-05 -8.3553108204743875564e-05 -0.00013189731695170681114 -0.00010297786626897731388                          0
 -0.0097736417852144329838 -1.2164568568836381379e-05   7.737943131821273246e-05  0.00012159560978776406959  9.4582729168679602338e-05  1.2164568568832911932e-05 -7.7379431318219671354e-05 -0.00012159560978776406959 -9.4582729168679602338e-05                          0
 -0.0097805140568984517968 -1.1015305391541552194e-05  7.1332267408148047894e-05    0.000111894365394958617  8.6910261686549972193e-05   1.101530539154502164e-05    -7.1332267408141109e-05 -0.00011189436539496555589 -8.6910261686549972193e-05                          0
 -0.11067144783945327691  -0.24821048726059541378  -0.22476087242310360814 -0.069649386810966551487   0.12626176498406482818   0.24821048726059541378   0.22476087242310355263  0.069649386810966606998  -0.12626176498406482818                        0
-0.0053170869476347887295  -0.082146707441220184753  -0.083823936496445525246  -0.036398240403554160682   0.032349051271222901971   0.082146707441220170876   0.083823936496445539124   0.036398240403554160682  -0.032349051271222901971                         0
-0.0095620807943137681173  -0.073592117748875252037  -0.075734181855462545663   -0.03351218936635026735   0.028340789148754569338   0.073592117748875238159   0.075734181855462545663   0.033512189366350281228  -0.028340789148754569338                         0
-0.0096014119200232457552  -0.058002794780686400822  -0.061219422595469676074  -0.028574542934476712674   0.020808916438920396774   0.058002794780686400822   0.061219422595469676074   0.028574542934476726552  -0.020808916438920396774                         0
-0.0096375716682852458767  -0.042285176843540467351  -0.046634208737583296434  -0.023665553623687704543   0.013166061841896371798   0.042285176843540467351   0.046634208737583296434   0.023665553623687718421  -0.013166061841896371798                         0
-0.0096704631231623455756  -0.026450421290505052307  -0.031984630790979656778  -0.018782677361594481147  0.0054219137285346358235   0.026450421290505052307   0.031984630790979670656   0.018782677361594484616 -0.0054219137285346358235                         0
 -0.009699997501408716763  -0.010509958366679249264  -0.017276926308629193124  -0.013923305135104650093 -0.0024136006464947762362   0.010509958366679249264   0.017276926308629179246   0.013923305135104660502  0.0024136006464947762362                         0
-0.0097234362257252616307  0.0019295734295683639181 -0.0019666535643467902839 -0.0047108415727570079543 -0.0046954824780371523518 -0.0019295734295683639181  0.0019666535643467902839  0.0047108415727570018827  0.0046954824780371523518                         0
  -0.009727165993970401936  0.00090726905119064421568 -0.00094238020233466945896  -0.0022399959142442591245  -0.0022254523992498442819 -0.00090726905119064421568  0.00094238020233467292841   0.0022399959142442547877   0.0022254523992498442819                          0
 -0.0097305568951228001151 -5.2510928496958542144e-05  1.9197024216426050724e-05  7.9659620501031785933e-05  9.3458691469643084826e-05  5.2510928496972419932e-05 -1.9197024216439928512e-05 -7.9659620501036990103e-05 -9.3458691469643084826e-05                          0
 0.028614929032522710972  -0.35648233396360717862  -0.44271733133253504677  -0.26961452030448707085  0.061424820105213183419   0.35648233396360717862   0.44271733133253504677   0.26961452030448712636 -0.061424820105213183419                        0
  0.02268373821725784209  -0.35939841386032073123  -0.44208438567821356502  -0.26580332007918683335  0.066181725498430599153   0.35939841386032067572     0.442084385678213454   0.26580332007918688886 -0.066181725498430599153                        0
-0.009861490591617793483   0.02712278798065509422 -0.029354189855002980891 -0.068635881386075028865 -0.067711604466615393783 -0.027122787980655121975  0.029354189855002980891  0.068635881386075014987  0.067711604466615393783                        0
 -0.00986881230679060098  0.020679355964620005359 -0.022705988280045545646 -0.052790472537344965143 -0.051951013946352125883 -0.020679355964620005359  0.022705988280045545646   0.05279047253734497902  0.051951013946352125883                        0
-0.0098724618764181246156   0.014127940667999910884   -0.01595578668045433135   -0.03669283058983031226  -0.035935711981542134419  -0.014127940667999883129   0.015955786680454303594   0.036692830589830319199   0.035935711981542134419                         0
-0.0098687239364616263781    0.02255407320648730729  0.0043391499286982854189  -0.016417588528151963456  -0.027557126286671757009  -0.022554073206487279535 -0.0043391499286982854189   0.016417588528151963456   0.027557126286671757009                         0
-0.010713645058019548306  -0.37082126061107856252  -0.24435188611145650106   0.02525550928081085611   0.28006856986101880125   0.37082126061107867354   0.24435188611145652882  -0.02525550928081085611  -0.28006856986101880125                        0
-0.010733767326532812902  -0.35757239798567752587  -0.23399496897477717328   0.02665353933447611734    0.2716887657868379824   0.35757239798567752587   0.23399496897477720103 -0.026653539334476061828   -0.2716887657868379824                        0
