0.0026664908628392502282 0.0015539449371379486509                        0
                       0                        0                        0                        0                        0                        0                        0 0.0026664908628392654071
                       0                        0 0.0015539449371379501687                        0                        0                        0                        0                        0
                         0                          0                          0                          0                          0 -3.7813169070855869863e-18                          0                          0
0.036947453784363891438 0.016795303088402942226 0.029893227586744404445
                      0                       0 0.026427829976888778107
                        0 6.6469673396352645947e-19                         0                         0                         0                         0                         0                         0
                         0 -2.3381261341607097197e-18                          0                          0                          0                          0                          0                          0
  0.01957140170058269818 0.0068564282763060764581                        0                        0                        0                        0                        0                        0
0.0053811044388368542771 0.0037500000413170607449 0.0042246491562135295508
0.054113535846242302729  0.11091253928646609139                       0
                      0                       0                       0                       0                       0                       0                       0 0.054113535846242302729
                      0                       0                       0 0.071221608029669078443                       0 0.020998691013238649644                       0                       0
                        0                         0                         0                         0                         0                         0 6.7373360250394186054e-18                         0
 0.01152453275227285738                       0 0.016264511824541045409
                      0                       0 0.053548731754741264732
                        0                         0                         0 3.4865959146990775109e-17                         0                         0                         0                         0
                        0                         0                         0                         0 2.2584899526988826829e-19                         0                         0                         0
0.012106677104554755195 0.028014035064963811739                       0                       0                       0                       0                       0                       0
0.14751022696232307663 0.10451020346239081604                      0
 0.019451430534815055545 0.0040916371729758675355  0.037964706569866224495
0.019451430534815052076                       0                       0                       0                       0                       0                       0                       0
                        0                         0                         0                         0                         0                         0  0.0040873676271734752166 4.2695458023868758114e-06
 0.035185278961220381455                        0                        0                        0                        0                        0                        0 0.0027794276086458256925
0.00038370835255306971149 0.00048775221850140922835 0.00074467900160360932498
0.00092702173069091954073  0.0036975377442622992322  0.0051854405250467971999
0 0 0 0 0 0 0 0
                        0 0.00051450616382307670996                         0                         0                         0                         0                         0                         0
                        0                         0                         0                         0                         0 0.00030122645979952596042                         0  0.0024638934809548740032
0 0 0
9.1053532035330529367e-06  0.0049006508086833731885  0.0049002438381130983269
0 0 0 0 0 0 0 0
0 0 0 0 0 0 0 0
0 0 0 0 0 0 0 0
0 0 0
9.1053532035324701781e-06  0.0049006508086833723212  0.0049002438381130957248
0 0 0 0 0 0 0 0
0 0 0 0 0 0 0 0
0 0 0 0 0 0 0 0
0 0 0
                      0 0.069782365751143632382                       0
                         0 -2.6829416600297447543e-17                          0                          0                          0                          0                          0                          0
0.025655781838993280131                       0                       0                       0                       0                       0                       0 0.038425898835748810434
-3.9663960689490920083e-18                          0                          0                          0                          0                          0                          0                          0
0.013683460430643111169                       0  0.01931337737658790632
 0.028279578365114410587                        0 0.0019027711570328222253
  0.02330140733548391116 0.0049781710296304959584                        0                        0                        0                        0                        0                        0
                         0                          0                          0                          0                          0                          0                          0 -8.9315456603083406783e-19
                       0                        0                        0                        0                        0                        0                        0 0.0019027711570328211411
 0.011866244901903542919 0.0035066430763181812014  0.016272607259936844315
0.0082237216829725463818                        0 0.0015856472569260784272
0.0082237216829725446471                        0                        0                        0                        0                        0                        0                        0
                        0                         0                         0                         0                         0                         0 3.6680275307690423484e-21                         0
                       0                        0                        0                        0                        0                        0                        0 0.0015856472569260758251
0.0093702398079762074662 0.0029604079610601476656  0.013512962394082592837
0.0082237939728731744571                        0 0.0015855376364039403241
0.0082237939728731744571                        0                        0                        0                        0                        0                        0                        0
                         0                          0                          0                          0                          0                          0 -7.2324017915637743957e-19                          0
                       0                        0                        0                        0                        0                        0                        0 0.0015855376364039396736
0.0068770828724987551755 0.0028054279922720792677  0.010752690539027191449
                       0 0.0014630807885300154379                        0
                         0 -1.9537712728249978544e-18                          0                          0                          0                          0                          0                          0
                       0                        0                        0                        0 0.0012044670396806544596 0.0002586137488493608699                        0                        0
                         0                          0                          0                          0                          0                          0                          0 -1.2659659511762983704e-18
0.012444549142997257327 0.003399550467371021973 0.014426924777832828353
  0.02045221682522464085                        0 0.0016559192331379000984
 0.018250492231886756428 0.0022017245933378753152                        0                        0                        0                        0                        0                        0
                         0                          0                          0                          0                          0                          0 -3.5977169010581933298e-19                          0
                       0                        0                        0                        0                        0                        0                        0 0.0016559192331378998816
 0.0024065687136858933577 0.00094028213638967415248  0.0037408444377975700115
0.0077955514609115688501                        0 0.0020167476488492114967
  0.007744496925650398364                         0                         0                         0                         0                         0                         0 5.1054535261171163753e-05
                         0                          0                          0                          0                          0                          0 -1.2431637211000637274e-19                          0
                        0                         0                         0                         0                         0                         0  0.0016599580478538237746 0.00035678960099538902309
 0.0002300120192465857495 0.00025558952332246199319 0.00046246810752334949505
0.0052394572272098935764                        0 0.0045706582904077915769
                        0                         0                         0                         0                         0 0.00011118259102897766499                         0                         0
                        0                         0 4.8428563317003256428e-20                         0                         0                         0                         0                         0
                        0 0.00038707971918349284076                         0                         0                         0                         0                         0   0.001004072194306311009
                       0 4.117453136273354692e-06                        0
0.046471543232289032332                       0                       0
                       0                        0                        0 0.0028949433037643371169  0.023752458672354172936                        0                        0                        0
                        0 1.7362863426483047385e-18                         0                         0                         0                         0                         0                         0
                         0                          0 -5.3788836338867654208e-20                          0                          0                          0                          0                          0
                      0 0.011334795683873489028 0.016041319429711261429
0.090999155077455692875 0.013614259298102856718                       0
                      0                       0                       0                       0 0.049860747858756382378 0.007774524128473155396                       0                       0
                      0                       0                       0                       0                       0                       0 0.013614259298102851514                       0
                        0                         0                         0                         0                         0                         0                         0 1.0146478576047468148e-17
                      0 0.014312291027528314252 0.020220277746887581338
  0.002188842678554194475 0.00098724106962023799004                         0
                        0  0.0019397372119259082175                         0 0.00018871285547802864498                         0                         0                         0                         0
                        0                         0                         0                         0                         0                         0 0.00098724106962023603848                         0
                        0                         0                         0                         0                         0                         0                         0 8.7555704071239211382e-20
                      0 0.013272131717384130778 0.018747482983638326381
                      0 0.048426873285611841957                       0
                         0                          0                          0                          0                          0                          0 -3.9885334021449430269e-18                          0
0.023494289968803157287                       0                       0                       0                       0                       0 0.014216796267902398476                       0
                         0                          0                          0                          0 -9.8091079390114135233e-19                          0                          0                          0
0.0057754140448986173578                        0 0.0057577319215667190772
0.0066749873184248197794                        0  0.067094663488102931903
                      0                       0                       0                       0 0.006674987318424828453                       0                       0                       0
                        0                         0                         0                         0 2.2519453549440246982e-17                         0                         0                         0
                      0                       0                       0                       0 0.024801208509102654065 0.042293454979000305594                       0                       0
 0.01788139151547520414 0.044186249524796203381   0.0479032722231857791
                      0                       0 0.093574916144668909834
                        0                         0 1.0819440242354707146e-17                         0                         0                         0                         0                         0
                      0                       0                       0                       0 9.46545105908835524e-18                       0                       0                       0
0.025474495431113370475                       0 0.014041466565434286909                       0                       0                       0                       0                       0
0.022004632663518191443 0.021926862201198830254                       0
0.00053213713312774994432  0.0034885416753836434936                         0
                        0                         0                         0                         0 0.00053213713312775536533                         0                         0                         0
                      0                       0                       0                       0                       0                       0 0.003488541675383636121                       0
5.7175676137937047959e-18                         0                         0                         0                         0                         0                         0                         0
0.031707528742342117045 0.037008896004691822779 0.044866115111459776987
0.021673275757565002575                       0 0.012387428421193089761
                      0                       0                       0 0.021673275757564999106                       0                       0                       0                       0
                         0                          0                          0                          0                          0                          0                          0 -1.6978898232625744474e-18
                      0 0.012387428421193091496                       0                       0                       0                       0                       0                       0
 0.004021244250817937807   0.00279511718910350343 0.0073968166766381088922
                        0 0.00037403930290208281181   0.071412321602775705176
-1.0793590677306161353e-17                          0                          0                          0                          0                          0                          0                          0
                        0 0.00037403930290209029281                         0                         0                         0                         0                         0                         0
                       0                        0                        0  0.062787434369217742791 0.0086248872335579450377                        0                        0                        0
 0.058633192371541423271  0.042434078713428954877 0.0032827510507381931458
                      0 0.048234486850075822262 0.060772044905793812242
                        0                         0                         0                         0                         0                         0 1.1101846677275948938e-17                         0
                      0 0.031352846758991144427 0.016881640091084677835                       0                       0                       0                       0                       0
                      0                       0                       0                       0                       0                       0 0.026860880536527482337   0.0107805729243744923
  2.691398428156176431e-05 -1.1937828248717932689e-16                          0
                      0 0.058894660006379960515                       0
                        0                         0 2.8404464195333141619e-21                         0                         0                         0                         0                         0
                      0 0.020572306517509360291 0.026773698484192580416 0.011548655004678051034                       0                       0                       0                       0
                         0                          0 -2.8131013066840765209e-21                          0                          0                          0                          0                          0
 9.6841308386009491348e-06 -1.9538105342192051041e-17  9.5239082529118210805e-06
                      0 0.013594554755098587837 0.078541941744374815793
                         0                          0                          0                          0                          0                          0 -7.3798748073101160615e-18                          0
                      0                       0                       0                       0                       0                       0                       0 0.013594554755098584367
0.030663426233699671297                       0                       0                       0                       0                       0                       0  0.01906229911376148764
0.025249665250955906359 0.017897043630744673137                       0
0.09794508680864175143                      0                      0
 0.010452428032766959004 0.0042716487098418340351  0.083221010066032954922                        0                        0                        0                        0                        0
                       0                        0                        0                        0                        0                        0                        0 8.739106149308209408e-19
-9.4644230211536674585e-19                          0                          0                          0                          0                          0                          0                          0
7.0364720994309237767e-17  0.0016332507134175769034  0.0022559359973739726186
0.0025392351557114592811  0.044359222375873724742  0.079251286616118701844
                       0                        0                        0 0.0025392351557114705568                        0                        0                        0                        0
                     0                      0 0.00866605952407128316                      0 0.03569316285180245546                      0                      0                      0
                       0  0.029917890741350830486  0.044132988756461558055 0.0052004071183063046296                        0                        0                        0                        0
6.4184768611141862493e-17 5.7462715141731735002e-18 3.9681799512969462285e-17
0.0061071757378415641657 0.0013990529008521201352 0.0072720523258225488322
                       0 0.0010964040275204618626                        0                        0                        0                        0                        0                        0
                        0                         0 0.00018548949630279153319                         0                         0                         0                         0                         0
                       0 0.0013256928517796776664                        0                        0                        0                        0                        0                        0
0 0 0
 0.0048992445660864377896 6.8466076679592476431e-06  0.0049039088262456068806
0 0 0 0 0 0 0 0
0 0 0 0 0 0 0 0
0 0 0 0 0 0 0 0
0 0 0
 0.0048992445660864351875 6.8466076679609789784e-06  0.0049039088262456025438
0 0 0 0 0 0 0 0
0 0 0 0 0 0 0 0
0 0 0 0 0 0 0 0
0 0 0
 0.0048992445660864351875 6.8466076679609789784e-06  0.0049039088262456025438
0 0 0 0 0 0 0 0
0 0 0 0 0 0 0 0
0 0 0 0 0 0 0 0
0 0 0
 0.0048992445660864351875 6.8466076679609789784e-06  0.0049039088262456025438
0 0 0 0 0 0 0 0
0 0 0 0 0 0 0 0
0 0 0 0 0 0 0 0
0 0 0
 0.0048992445660864351875 6.8466076679609789784e-06  0.0049039088262456025438
0 0 0 0 0 0 0 0
0 0 0 0 0 0 0 0
0 0 0 0 0 0 0 0
0 0 0
 0.0048992445660864369222 6.8466076679609815195e-06  0.0049039088262456034112
0 0 0 0 0 0 0 0
0 0 0 0 0 0 0 0
0 0 0 0 0 0 0 0
0 0 0
 0.0048992445660864369222 6.8466076679601700619e-06  0.0049039088262456034112
0 0 0 0 0 0 0 0
0 0 0 0 0 0 0 0
0 0 0 0 0 0 0 0
0 0 0
0.0048992445660864308507 6.846607667965391173e-06 0.0049039088262455973397
0 0 0 0 0 0 0 0
0 0 0 0 0 0 0 0
0 0 0 0 0 0 0 0
0 0 0
0.042799786538478316877                       0                       0
                       0  0.023308957117122500874 0.0093872793979647185802                        0                        0                        0                        0                        0
                        0                         0                         0                         0                         0                         0                         0 4.9917295407854735426e-18
2.8843611845277200343e-20                         0                         0                         0                         0                         0                         0                         0
                      0 0.032192551835352384293 0.045537978703349343834
0.025122318225087376942                       0                       0
                       0  0.019971068902987321875 0.0040148908824623715311                        0                        0                        0                        0                        0
                         0                          0                          0                          0                          0 -3.7317189947196146195e-19                          0                          0
                         0                          0                          0                          0                          0                          0                          0 -3.0402347157427604993e-18
                      0 0.015418690224060001975 0.015397171969338827383
0.042569079778204670095 0.081807026868871327019                       0
                       0                        0                        0 0.0048712870663970937388                        0  0.023459980098039529689                        0                        0
                       0                        0                        0  0.079651609789931313022                        0 0.0021554170789400391509                        0                        0
                        0                         0                         0                         0                         0                         0                         0 1.9306769084690143207e-18
                        0 2.0804801197375287958e-17 0.00013933966760165471905
0.0062382817825698232139 0.0019053670681934650223                        0
                       0                        0                        0                        0                        0 0.0061969164164617195067                        0                        0
                        0                         0                         0                         0                         0 0.00048181159625234942692                         0 1.6199076417667714322e-05
                        0                         0                         0                         0                         0                         0                         0 4.7059545620769735045e-19
                       0                        0 0.0001287048712881023961
                      0 0.062521741949899706237                       0
                        0                         0                         0 2.4952539017339141654e-18                         0                         0                         0                         0
                      0                       0                       0                       0 0.017257395604921836607                       0 0.033315234635816155795                       0
                         0                          0 -4.7102622359151803371e-18                          0                          0                          0                          0                          0
0.028856928981838496362                       0 0.040791028746804444682
                       0                        0 0.0066426631618604920632
                       0                        0                        0                        0                        0                        0 5.338770040425671725e-19                        0
8.5221735910855245843e-19                         0                         0                         0                         0                         0                         0                         0
                       0                        0                        0 0.0029639380817572426319  0.003678725080103249865                        0                        0                        0
0.0063982579904349710931 0.0038020947497055587044 0.0013783860413214600333
                       0                        0 0.0029308222269265951643
                         0                          0                          0                          0                          0                          0                          0 -1.3176268963857321757e-18
-7.0520291276966256203e-19                          0                          0                          0                          0                          0                          0                          0
                        0  0.0011196005482442931717                         0 0.00047521034203503690219                         0                         0                         0                         0
0.0061775890939432037338 0.0043676544474031330986                        0
                      0 0.011751990812481514712 0.049817079590862456406
                         0                          0                          0 -1.9392988425982410189e-18                          0                          0                          0                          0
                      0                       0                       0                       0 0.011751990812481511242                       0                       0                       0
                      0                       0                       0                       0                       0 0.019389321189430968467 0.017492383820911568126                       0
0.019450971328719878634 0.013770011759051632716                       0
0.033034817750073580678                       0  0.11530763520926519405
                      0                       0                       0                       0                       0                       0 0.033034817750073608433                       0
                         0                          0                          0                          0                          0                          0                          0 -5.7278169389552943103e-17
                      0                       0 0.001012886127759814181                       0 0.042455139711111478107                       0                       0                       0
 0.04626744580957707631 0.033113325347633240647                       0
 0.003166236793825132588                        0 0.0048200145370923264121
                       0                        0                        0                        0                        0                        0 0.0031662367938251460321                        0
                        0                         0                         0                         0                         0                         0                         0 1.1606029794202061513e-17
 0.0034732607745044390309                         0 0.00032785955982199248022                         0                         0                         0                         0                         0
0.043556373638852514951 0.030899327610351405571                       0
0.10096676649146442417                      0                      0
                       0 0.0029225237544678885591                        0  0.050593873583436532737                        0                        0                        0                        0
                         0                          0                          0                          0                          0                          0                          0 -1.2507511846176195094e-19
                         0 -3.2023261206605012481e-18                          0                          0                          0                          0                          0                          0
                      0 0.013983081147777222386 0.014015509849927929031
                     0 0.10872653969235926419                      0
2.0103323463219656149e-17                         0                         0                         0                         0                         0                         0                         0
                       0                        0 0.0059333196950679505111  0.071108785051025191759                        0                        0                        0                        0
                        0                         0                         0                         0                         0                         0 1.4231759376891195438e-18                         0
0.035030639466993522546                       0 0.035041428808646961357
0.0030657675607950679933 0.0030695172227916283671                        0
0.0012843028846022308456                        0 0.0014807535618743584722                        0                        0                        0                        0                        0
                       0                        0 0.0019636257488496911168                        0                        0                        0                        0                        0
                         0                          0 -1.0353950285778129487e-21                          0                          0                          0                          0                          0
                        0                         0 3.9007803018927231749e-06
                      0 0.044904305448953622804                       0
                        0                         0 6.5503926950535748834e-19                         0                         0                         0                         0                         0
                      0                       0                       0 0.006762155735723729931 0.014555429931699705171                       0                       0                       0
4.6590674918148202655e-19                         0                         0                         0                         0                         0                         0                         0
0.014712645084542046864                       0  0.01471320161511334608
 0.0015308970283662935025 0.00084186926432827256708   0.010610895771369917989
                        0 0.00039524023484371629536  0.0011356567935225784539                         0                         0                         0                         0                         0
                        0 0.00084186926432827300076                         0                         0                         0                         0                         0                         0
0.010610895771369916255                       0                       0                       0                       0                       0                       0                       0
 0.010709820853872642835 0.0014417764781744725391  0.010057281419363978819
 0.0014450759447217900386 0.00097315374930412768158  0.0073917703059740895791
                        0 0.00027114489601687947161  0.0011739310487049142533                         0                         0                         0                         0                         0
                       0 0.0009731537493041288742                        0                        0                        0                        0                        0                        0
0.0073917703059740878443                        0                        0                        0                        0                        0                        0                        0
0.0079964308991013251932 0.0018391574154057867101 0.0070424982038851374061
 0.0014463845477894912792 0.00097111097516803938142  0.0073925044770424587492
                        0 0.00027026664332774124819  0.0011761179044617517658                         0                         0                         0                         0                         0
                        0 0.00097111097516803883932                         0                         0                         0                         0                         0                         0
0.0073925044770424596166                        0                        0                        0                        0                        0                        0                        0
0.0052805148872117312064 0.0022375430922106785865 0.0040294234867652243409
0.0019515693590474484601                        0 0.0078598413740182115905
                        0 0.00062268733639890300625  0.0013288820226485453455                         0                         0                         0                         0                         0
                         0 -2.5026739855895120716e-19                          0                          0                          0                          0                          0                          0
0.0042709407784010189682 0.0035889005956171939234                        0                        0                        0                        0                        0                        0
0.0025807486900237116764 0.0012963134703712208152 0.0018461013246099387038
0.0020822904098577090654                        0 0.0077295546222080147372
                        0 0.00088459166850593181925  0.0011976987413517771377                         0                         0                         0                         0                         0
                        0                         0                         0                         0                         0                         0                         0 1.2376814010559305687e-21
0.0033681969545686168098  0.003878988278389116761                        0                        0                        0                        0                        0                        0
2.6668832344301646176e-18 9.7649007261717454358e-07                         0
 0.004905434646962992043                        0 0.0049042484153051860152
                      0                       0                       0 2.35962424913490483e-06                       0                       0                       0                       0
                         0                          0                          0                          0                          0                          0 -1.0157428605627860561e-22                          0
                        0                         0 2.3730280783518875335e-06                         0                         0                         0                         0                         0
                        0 1.0554994844817331831e-06                         0
0.0049054374036963553293                        0 0.0049042470060612387839
                        0                         0                         0 2.1083162330615298652e-06                         0                         0                         0                         0
                         0                          0                          0                          0                          0                          0 -2.7586715185667160034e-22                          0
                        0                         0 2.1202893655256217579e-06                         0                         0                         0                         0                         0
                        0 9.5553811978675988062e-07                         0
                       0  0.037799707904507623413 0.0091043547118069070856
                       0                        0                        0                        0                        0                        0 2.109727471948932905e-18                        0
                      0  0.02078227966696013021 0.017017428237547489733                       0                       0                       0                       0                       0
                       0                        0                        0 0.0050875408981349394544  0.004016813813671981509                        0                        0                        0
  0.015324585130852797291 0.00017856037370727180459   0.015417917449814711253
0.017502164405885037995  0.14338617046975635216 0.053225179404718728216
0.016432194510485987476                       0                       0                       0                       0                       0                       0                       0
                      0                       0                       0                       0 0.086104112982945291144                       0 0.057282057486811081837                       0
0.027532383401723956734                       0                       0                       0                       0                       0 0.025692796002994768012                       0
                         0 -2.0152607881074313667e-17 -2.4597836788264881847e-17
 0.0048919331889226121482  0.0048948271636057930079 2.3239647471619266801e-05
0 0 0 0 0 0 0 0
0 0 0 0 0 0 0 0
0 0 0 0 0 0 0 0
0 0 0
0.0048919331889225887294 0.0048948271636057591807 2.323964747165635668e-05
0 0 0 0 0 0 0 0
0 0 0 0 0 0 0 0
0 0 0 0 0 0 0 0
0 0 0
                      0 0.011330652327477139241 0.041905155876213448507
2.1701785653805962739e-20                         0                         0                         0                         0                         0                         0                         0
                       0                        0                        0 0.0069117778211422687892 0.0016092389334797696423                        0                        0                        0
                      0                       0                       0 0.035593470493458304049                       0                       0                       0                       0
7.3134647761434194344e-05                         0                         0
                       0 0.0047512237347761207551 0.0016185830229093591329
                         0                          0                          0 -3.3666794734764097729e-19                          0                          0                          0                          0
                        0                         0                         0                         0                         0  0.0037559496255787560778 0.00093275136130554136757 6.2522747891821737597e-05
                       0                        0 0.0016185830229093571813                        0                        0                        0                        0                        0
  0.0077552686292377062682 -4.1107207666691827967e-18   0.0055312105629991724018
                       0 0.0036149329168205747084 0.0013118770846460015012
                        0                         0                         0                         0 -1.784108379631326069e-18                         0                         0                         0
                        0                         0                         0                         0                         0 0.00083835261880609577342  0.0027765802980144783929                         0
                       0                        0                        0 0.0013118770846460023685                        0                        0                        0                        0
 0.0059378593345622210017 0.00012791600177796316599  0.0041816579641967763226
                       0 0.0036208294077992031479 0.0013151017103464831843
                         0                          0                          0                          0 -2.4719329379842407248e-19                          0                          0                          0
                        0                         0                         0                         0                         0 0.00083716799052463062268  0.0027836614172745731757                         0
                       0                        0                        0 0.0013151017103464829675                        0                        0                        0                        0
 0.0042194758865069350098 0.00025608189135961845683  0.0028695812571402829795
                       0 0.0036261048268080588695 0.0013178733354872898629
                        0                         0                         0                         0 1.0949342639517641971e-18                         0                         0                         0
                        0                         0                         0                         0                         0 0.00083635097869360350894  0.0027897538481144552522                         0
                       0                        0                        0 0.0013178733354872902966                        0                        0                        0                        0
 0.0024964116428336092894 0.00038441442386633821026  0.0015527616479401673902
                       0 0.0038476921380848853188   0.00132758560681072303
                        0                         0                         0                         0 3.3319161366255598139e-20                         0                         0                         0
                        0                         0                         0                         0                         0 0.00078945638135575005052  0.0030582357567291362441                         0
                        0                         0                         0  0.0010468883309581460302 0.00028069727585257689146                         0                         0                         0
0.00083904041818802662343 0.00038134107831415148954 0.00037468238619087679189
                       0 0.0042067366249351713023 0.0019467311105433155426
4.5594817350149586144e-19                         0                         0                         0                         0                         0                         0                         0
                       0                        0                        0                        0                        0  0.001022573450197674207 0.0031841631747374964448                        0
                        0                         0                         0                         0  2.208190846831913415e-05                         0 0.00036591642980624748899                         0
6.2297325451514563984e-05 8.9319624287965970755e-19                         0
                       0 0.0030591027407394959584 0.0031008348354014808601
-8.3752544282771849532e-21                          0                          0                          0                          0                          0                          0                          0
                       0                        0                        0                        0                        0                        0                        0 0.0019676207807280067692
                       0                        0                        0                        0                        0                        0 0.0020060301989660456884                        0
5.1989902871189195817e-05                         0                         0
                       0 0.0030522785098125826235 0.0031125128761338260834
                       0                        0                        0                        0                        0                        0                        0 7.014234154569722462e-21
                       0                        0                        0                        0                        0 0.0014171114463041351202                        0 0.0013657009294847615843
                       0                        0                        0                        0                        0                        0                        0 0.0020236937785049259088
4.0607277739264847525e-05                         0                         0
                       0 0.0030633750290542014448  0.003105193330307920354
0 0 0 0 0 0 0 0
                       0                        0                        0                        0                        0                        0                        0 0.0019700356325178611933
                      0                       0                       0                       0                       0                       0 0.002008485921887959158                       0
2.928826377573897781e-05                        0                        0
                      0 0.076096813047587696932                       0
3.9441924733792547138e-18                         0                         0                         0                         0                         0                         0                         0
                      0                       0 0.024360264898694923563 0.051736548148892780308                       0                       0                       0                       0
                        0                         0                         0                         0                         0                         0 6.3276808807800544752e-18                         0
 0.022593529015998377318 0.0017942032751691917598  0.014684614145133985039
                     0 0.12065167459251999182                      0
-1.046347916042310273e-17                         0                         0                         0                         0                         0                         0                         0
                      0                       0                       0 0.031691582163550002793                       0 0.067923529329840623414                       0                       0
                        0                         0                         0                         0                         0                         0 -1.420767566489001822e-17                         0
0.018365300009433462025                       0 0.018499184104955102015
0.034595446565671345018                       0 0.031341205249679406075
                       0  0.011867264369090826243                        0                        0                        0                        0                        0 0.0012376157751834520031
                        0                         0                         0                         0 4.0658358958238171539e-19                         0                         0                         0
                       0  0.028894444420254405959                        0 0.0024467608294250144281                        0                        0                        0                        0
                         0   2.060488604222796859e-05 -5.3090288054613183895e-18
                      0                       0 0.082785891383660589748
                        0                         0                         0                         0 -6.877934244830118251e-19                         0                         0                         0
                        0                         0                         0                         0                         0                         0 8.2909749397138239539e-19                         0
0.0095059235743791461321  0.011733925094772765241                        0                        0                        0                        0                        0  0.061546042714508662763
  0.0002964114304724197054  0.00035252304245246736262 -4.3905105787979403775e-17
                      0 0.046024226903096307484  0.21135129015359985227
                        0                         0                         0                         0 2.5972812814327994287e-18                         0                         0                         0
                      0 0.014519588435244694391 0.031504638467851606154                       0                       0                       0                       0                       0
                       0 0.0024727154360250922296                        0  0.021426543371897678603                        0                        0                        0                        0
0.00017609681868451529732  7.536899164668764417e-18                         0
                       0 0.0053942889282776801049 0.0027677404666187803775
                         0                          0                          0                          0 -1.5080320823369309805e-20                          0                          0                          0
                       0                        0                        0                        0                        0                        0  0.002484795355613177506 0.0012730301076491214694
                        0                         0                         0                         0                         0                         0                         0 0.00027330983896560093844
8.7297256880675098436e-05                         0                         0
                       0   0.11293209438349546825 0.0051675246349416467315
                         0 -1.7484673436640897386e-18                          0                          0                          0                          0                          0                          0
                      0                       0                       0 0.037371386101978203154                       0 0.021869004034838903511                       0                       0
                       0                        0                        0                        0                        0                        0                        0 0.0051675246349416319863
0.02748796794275409211                      0 0.02743130891426826673
0.051822628598498045316 0.033122994091167319575 0.029938403345990762666
                      0                       0                       0                       0 0.051822628598497989805                       0                       0                       0
                      0                       0                       0                       0                       0 0.033122994091167326514                       0                       0
                      0 0.016694525537990698855 0.013243877808000056873                       0                       0                       0                       0                       0
 0.020453113068898028104  0.010239562513939311911 0.0059721670431069889123
0.0028597490243311963175                        0 0.0097639379506799326564
                       0                        0                        0                        0 0.0028597490243311984859                        0                        0                        0
                         0                          0                          0                          0                          0 -6.4925582326501603267e-19                          0                          0
                        0 0.00065736779491352937896  0.0091065701557664028437                         0                         0                         0                         0                         0
 0.015582626823464349256 0.0094966104728901566678  0.002151293250180397968
 0.002154807024438857091                        0 0.0076586004574462386574
                       0                        0                        0                        0 0.0021548070244388588257                        0                        0                        0
                        0                         0                         0                         0                         0 1.3188193472817512249e-19                         0                         0
                        0                         0  0.0074135702567689623979 0.00024503020067727880734                         0                         0                         0                         0
  0.012369562777986658347  0.0086825388754369556277 8.8366219092388681856e-05
0.0047908625887578227751                        0 0.0050301891756929940219
                       0                        0                        0                        0 0.0047908625887578253771                        0                        0                        0
                        0                         0                         0                         0                         0 3.8823133608195834692e-18                         0                         0
                        0                         0                         0 0.00016312543387594037798                         0 0.00045588978499460768587                         0                         0
0.0059071543467921466125 0.0041728342011291396502                        0
0.0049150482803185296596                        0 0.0049007112871355196573
                        0                         0                         0                         0  0.0038155599669599791525 0.00072678029481460079599                         0                         0
9.8710194215176758855e-19                         0                         0                         0                         0                         0                         0                         0
                        0                         0                         0                         0 0.00040177596463108789264                         0                         0                         0
                        0 8.4287614982581218282e-06                         0
 0.004902032597043534147                        0 0.0049005746882843240556
                        0                         0                         0                         0 2.4579786951794171642e-06                         0                         0                         0
0 0 0 0 0 0 0 0
                        0                         0                         0                         0 2.4567544180055730116e-06                         0                         0                         0
                        0 5.8293266065637863846e-06                         0
0.0049021195865009475554                        0 0.0049004944289916087599
                        0                         0                         0                         0 1.3269001590273487859e-06                         0                         0                         0
                        0                         0                         0                         0                         0                         0                         0 2.5899791191208321669e-22
                        0                         0                         0                         0 1.3261634461903980426e-06                         0                         0                         0
                        0 3.4556706145081330835e-06                         0
                       0  0.018070269081458246313 0.0048224302011586799369
                        0                         0                         0                         0                         0                         0 9.3047075456528308785e-19                         0
                       0 0.0084867038221010330373                        0                        0                        0                        0                        0 0.0094929870212838909221
                        0                         0                         0                         0                         0                         0 3.0258727103498902651e-06                         0
8.2561328248934574335e-07                         0                         0
                       0 0.0049041282974579243972 0.0049050998522346105774
                         0                          0                          0                          0                          0 -4.6372417281358509426e-23                          0                          0
                        0                         0 7.0015231069932733657e-07                         0                         0                         0                         0                         0
                        0                         0 7.0038451171484607823e-07                         0                         0                         0                         0                         0
6.1851160665447308282e-07                         0                         0
0.00070210291288068111658                         0   0.029571590386379870835
                        0                         0                         0                         0 0.00070210291288067818924                         0                         0                         0
                         0                          0                          0                          0                          0                          0 -6.1220129080773290321e-18                          0
0.029571590386379891652                       0                       0                       0                       0                       0                       0                       0
0.041354232571202693969 0.059660434410822658913 0.074544339236741613552
                       0 0.0072139244612383721794  0.015292069304119309744
                         0                          0                          0                          0 -7.2018423808193178847e-18                          0                          0                          0
0.0072139244612383678426                        0                        0                        0                        0                        0                        0                        0
                      0                       0 0.015292069304119314949                       0                       0                       0                       0                       0
0.037931005813675824911 0.044447864222930545675 0.033541626366569210482
                       0 0.0024898207571300871518 0.0005007776526175205644
                         0                          0                          0                          0 -2.1306253810352556464e-18                          0                          0                          0
0.0024898207571300945244                        0                        0                        0                        0                        0                        0                        0
                        0                         0 0.00050077765261751752864                         0                         0                         0                         0                         0
0.037629831276031193432 0.040303248335266661506 0.032300581352460909501
0.0077525650716961536785 0.0063818009264269394756                        0
                       0                        0                        0                        0 0.0077525650716961493417                        0                        0                        0
0.0063818009264269386083                        0                        0                        0                        0                        0                        0                        0
                         0                          0 -3.9981107509958237269e-18                          0                          0                          0                          0                          0
0.025865998814569982067 0.026533187094005865336 0.019809114765450004658
0.0049044413225333627002 0.0049055324958936453658                        0
                       0                        0                        0                        0 0.0049044413225333679043                        0                        0                        0
0.0049055324958936523047                        0                        0                        0                        0                        0                        0                        0
                         0                          0 -9.9060230047654631245e-18                          0                          0                          0                          0                          0
0.018543861114192188716 0.019214727686913894711 0.012493771924536940798
 0.0060691326005412405201  0.0033574670736113559899 0.00038262544151154660515
                      0                       0                       0                       0                       0 0.006069132600541237918                       0                       0
0.0033574670736113577246                        0                        0                        0                        0                        0                        0                        0
                        0                         0 0.00038262544151154611726                         0                         0                         0                         0                         0
 0.012793902752590161423  0.013482592718931022194 0.0072786299336920793832
0.0055172057948788075926 0.0026719681816070616799 0.0016208260235141252331
                       0                        0                        0                        0                        0 0.0055172057948788058579                        0                        0
                       0                        0                        0                        0                        0                        0                        0 0.0026719681816070603789
                       0                        0 0.0016208260235141252331                        0                        0                        0                        0                        0
0.0074413798456508658749 0.0086427208737825944596 0.0026887809383604396873
