                     0 0.17467339597017988995
                         0                          0                          0                          0 -9.1967638278238375353e-18                          0                          0                          0
                      0                       0                       0                       0 0.039002402095160315643 0.076491085019077420526 0.059179908855942146839                       0
  0.0074320673627171580586 -6.0715321659188248304e-18
                       0 0.0021978752024912700212
                        0                         0                         0                         0 7.6039530610393329743e-19                         0                         0                         0
                        0                         0                         0                         0 0.00099572633640947596015                         0 0.00040582007640116045041                         0
0.0077739602785079509745                        0
                     0 0.11083698144707423983
                         0                          0 -5.1344607077478073878e-18                          0                          0                          0                          0                          0
                      0                       0                       0                       0                       0                       0 0.080338768910248173349 0.030498212536826097702
0.074195336423164795492 0.015068318278791353534
0.081370816920454072663  0.10755101235105790636
0.081370816920454072663                       0                       0                       0                       0                       0                       0                       0
0.025679453450149686278                       0                       0                       0                       0                       0 0.020694594728988345567                       0
0.0043884766713447632969                        0
0.0013912154942120800137 0.0031710016912507386216
0.0013912154942120789295                        0                        0                        0                        0                        0                        0                        0
                       0                        0                        0                        0 0.0010485178946475206749 0.0021224837966032175131                        0                        0
 0.0025315760580961479097 0.00044744971997933541928
0.0013066432562006033945 0.0040152386332272761368
0.00016255171388387151441                         0                         0                         0                         0                         0                         0  0.0011440915423167321782
                       0                        0                        0                        0 0.0021381405916665184759 0.0018770980415607574441                        0                        0
 0.0012702722728908813574 0.00042224573139619688261
0.0013014839439612845527 0.0041532694588820610535
                        0                         0                         0                         0                         0                         0 1.3791155388181551922e-05  0.0012876927885731024367
                       0                        0                        0                        0 0.0023029410697367851124 0.0018503283891452763747                        0                        0
0.00022165507155590940939  0.0003258050450991195634
 0.002382467828640799732 0.0040603267094664824768
                        0                         0                         0                         0 0.00082999225029444184763                         0                         0                         0
                       0                        0                        0                        0 0.0023295069861349391831 0.0011566559086531402831                        0                        0
0 0
0.0031756475107087545583 0.0031725791268778155696
                     0                      0                      0                      0 0.00181538349845993441                      0                      0                      0
                        0                         0                         0  0.0016866827439382305748                         0 0.00066395399651419711919                         0                         0
0 0
0.0031863812027299568026 0.0031833090368697286761
                       0                        0                        0                        0 0.0018200424111872986338                        0                        0                        0
                       0                        0                        0 0.0016910164968121316285                        0  0.000665673010955786606                        0                        0
0 0
 0.003196609264453468234 0.0031935335005210297062
                       0                        0                        0                        0 0.0018244455791713613205                        0                        0                        0
                        0                         0                         0  0.0016951123572539973563                         0 0.00066729772892720642767                         0                         0
0 0
0.02140194883549702623                      0
                       0                        0                        0                        0                        0 0.0035968613016237951929 0.0095617634573647719565                        0
-5.0623600544036409517e-18                          0                          0                          0                          0                          0                          0                          0
                        0 0.00055683314820954366367
0.0045323356016161607182                        0
                        0                         0  0.0019171688866078159374 0.00084273259559173641954  0.0017724341194166079276                         0                         0                         0
                        0                         0                         0                         0 2.3530340270610881339e-19                         0                         0                         0
6.5102952325965524061e-18 0.00015000377522381318283
0.0046750961470337325243                        0
                       0                        0 0.0023130392648103943395 0.0012970257017045957321 0.0010650311805187424527                        0                        0                        0
                        0                         0                         0                         0 9.0394912143698916474e-20                         0                         0                         0
-5.4631041020915304894e-18  0.00014317291838874231041
0.0046895857043615417695                        0
                       0                        0 0.0023220945922033378248  0.001299550861924456081   0.00106794025023374743                        0                        0                        0
                         0                          0                          0                          0 -1.5524533660191683753e-20                          0                          0                          0
-1.8671187472966395074e-18  0.00013531707591134421926
0.0041376050179647997154 0.0012418787276243172142
                       0                        0 0.0022981547076343315089                        0 0.0017131789672144639991 0.0001262713431160036111                        0                        0
                        0                         0                         0                         0 0.00089092795741906494374                         0                         0                         0
-2.1736772588536638223e-18                          0
0.0032425512751514018635 0.0032348362182655771013
                       0                        0                        0                        0 0.0018390570512274689429                        0                        0                        0
                        0                         0                         0  0.0017058640608959884169                         0 0.00066893594414088304676                         0                         0
0 0
0.0032504920960685153471 0.0032427701336401300661
                       0                        0                        0                        0 0.0018423174841181004253                        0                        0                        0
                        0                         0                         0  0.0017088972244282368655                         0 0.00067014864909734311697                         0                         0
0 0
0.0032579300249110675937 0.0032502016071704075729
                       0                        0                        0                        0 0.0018453548523894797509                        0                        0                        0
                        0                         0                         0  0.0017117228718752154105                         0 0.00067127846353065177484                         0                         0
0 0
0.0032648652750038946978  0.003257130851238469911
                       0                        0                        0                        0 0.0018481733287450340629                        0                        0                        0
                        0                         0                         0  0.0017143448835480598266                         0 0.00067232691933210035531                         0                         0
0 0
0.0032712980587629621188 0.0032635580773841621829
                       0                        0                        0                        0 0.0018507767971927882849                        0                        0                        0
                        0                         0                         0  0.0017167668712822080519                         0 0.00067329544242700797678                         0                         0
0 0
                      0 0.059919495842585247802
                        0                         0                         0 3.7807432079743892941e-18                         0                         0                         0                         0
                       0                        0  0.056093498511669781514 0.0038259973309154766963                        0                        0                        0                        0
 0.017449285688787244397 0.0074686776046312113725
                       0 0.0016279632193725687879
                         0                          0                          0 -3.3924293824009719281e-18                          0                          0                          0                          0
                       0                        0 0.0016279632193725698721                        0                        0                        0                        0                        0
 0.016711676805369512361 0.0056775797917438860368
0.079597158131711184814                       0
0.013725104354235736354                       0 0.027106905411218178148                       0                       0                       0                       0                       0
                        0                         0                         0                         0 1.0259209664078638707e-18                         0                         0                         0
                      0 0.023161983538066668181
0.0047762898519541959613                        0
                       0                        0 0.0023197992606667533662 0.0010830622166235277966 0.0013734283746639154491                        0                        0                        0
                        0                         0                         0                         0 4.6177820591843476936e-18                         0                         0                         0
-4.3140309258931368039e-18    0.023190690359520559072
                     0 0.11939316545368353073
1.3970690238384143034e-17                         0                         0                         0                         0                         0                         0                         0
                      0                       0 0.026434675782569003882                       0 0.021106256859616229216                       0                       0                       0
0.034452524309523148427                       0
                       0 0.0048805845206349833532
-5.2275379996071180429e-18                          0                          0                          0                          0                          0                          0                          0
                        0                         0                         0 0.00034673856116261650992                         0  0.0037274421741200188321                         0                         0
0.034489116075616887969                       0
                       0 0.0049064349715593888121
1.1290359538059726974e-17                         0                         0                         0                         0                         0                         0                         0
                        0                         0                         0 0.00035152445764789487211                         0  0.0037457445831963723411                         0                         0
0.034526588070840386058                       0
                       0 0.0049312138771262998063
-2.8654448518863755084e-18                          0                          0                          0                          0                          0                          0                          0
                        0                         0                         0 0.00035621287001648383429                         0  0.0037631523937784365844                         0                         0
0.03456474936849006363                      0
                       0 0.0049549171061580559589
-4.8397785891901230533e-18                          0                          0                          0                          0                          0                          0                          0
                        0                         0                         0 0.00036080521793266286806                         0  0.0037796797953526910241                         0                         0
0.034603408779089170344                       0
0.00013217037854999116159  0.0049174493963868460417
0.00013217037854999942863                         0                         0                         0                         0                         0                         0                         0
                        0                         0                         0 0.00041094614311083571458                         0  0.0038333298061187055447                         0                         0
0.034490911256994230549                       0
0.0013007685397375210595 0.0042544810728999985991
0.0013007685397375236616                        0                        0                        0                        0                        0                        0                        0
                       0                        0                        0                        0 0.0010930347511734026661  0.003161446321726595933                        0                        0
   0.03296656740621545234 9.1400159347513034651e-05
0.0013135632131458224031 0.0042592642143447177749
0.0013135632131458317273                        0                        0                        0                        0                        0                        0                        0
                       0                        0                        0                        0 0.0011051558295132307003 0.0031541083848314875084                        0                        0
0.031419413568492170208 0.000187879650761222912
                      0 0.088317783652463996424
4.963676680652566913e-18                        0                        0                        0                        0                        0                        0                        0
                      0                       0 0.068972413713404595592  0.01934536993905941471                       0                       0                       0                       0
0.097980964902423209328 0.020194727691846096895
                       0 0.0023688564154195688831
1.5761501245820251533e-17                         0                         0                         0                         0                         0                         0                         0
                        0                         0   0.002017737244312106052 0.00035111917110746673418                         0                         0                         0                         0
0.097244859857519141966 0.017176975468416642856
0.0049930899149570788856                        0
0.0049930899149570840898                        0                        0                        0                        0                        0                        0                        0
                         0                          0                          0 -1.2042672140988649193e-19                          0                          0                          0                          0
 0.086327516523082778455 0.0073643416765467152943
 0.0021878226644969954798 0.00091170338928600700313
0.0021878226644969967808                        0                        0                        0                        0                        0                        0                        0
                        0                         0                         0 0.00091170338928600559367                         0                         0                         0                         0
 0.082793008630749856391 0.0070649312551757138812
0.0044090390415604096414                        0
0.0044090390415604373969                        0                        0                        0                        0                        0                        0                        0
0 0 0 0 0 0 0 0
 0.076216962349030387136 0.0053681992619402287698
0.0022106143146209313727 0.0024577261528491664046
0.0022106143146209365768                        0                        0                        0                        0                        0                        0                        0
                       0                        0                        0                        0 0.0024577261528491690067                        0                        0                        0
 0.072919708245487740994 0.0053002517331940451548
0.006971620324695733395                       0
0.006971620324695723854                       0                       0                       0                       0                       0                       0                       0
                        0                         0                         0                         0 1.7319615541567308264e-17                         0                         0                         0
0.09572253716718302774 0.11599363900134229688
0.0015228751267771245288                        0
0.0015228751267771405749                        0                        0                        0                        0                        0                        0                        0
                        0                         0                         0                         0 6.6432863878767555042e-18                         0                         0                         0
0.092492093348268369923  0.11742934314781633409
                      0 0.079255207602954402812
                        0                         0                         0                         0                         0                         0 4.6859666393067188484e-18                         0
0.0080135263114440944548                        0  0.028584093584712901015                        0                        0                        0                        0                        0
0.0085776684596785938985                        0
                       0 0.0044724676165529414495
                         0                          0                          0                          0                          0                          0 -2.5485554735015811609e-19                          0
0.0013054260853245210419                        0                        0                        0                        0                        0 0.0019422063662505892421 0.0012248351649778313824
   0.008625952327470659195 -8.6701728199216286088e-19
                       0 0.0045026478771808915377
                        0                         0                         0                         0                         0                         0 1.3726229648822523689e-18                         0
0.0013133020235307983192                        0                        0                        0                        0                        0 0.0019511127615622664462  0.001238233092087827206
  0.008668840695086376183 -2.568383088663650857e-18
                       0 0.0045317745228145552353
                         0                          0                          0                          0                          0                          0 -1.0753614839842161751e-18                          0
0.0013213225887652919367                        0                        0                        0                        0                        0 0.0019599011044940800597 0.0012505508295551819378
 0.0087065825088609490739 1.1304231636115237039e-17
                       0 0.0045598405785104434429
                        0                         0                         0                         0                         0                         0 8.3137335504090790182e-19                         0
0.0013294436380102598889                        0                        0                        0                        0                        0 0.0019685341160361156942 0.0012618628244640678598
 0.0087394249170244589497 4.4068632533542002226e-18
                       0 0.0045868394655925754516
                         0                          0                          0                          0                          0                          0 -6.3153528572963546854e-19                          0
0.0013376228828353854249                        0                        0                        0                        0                        0 0.0019769762174344108346 0.0012722403653227791921
 0.0087676133215783807334 6.6661689176863771463e-18
                       0 0.0046127649864261439927
                         0                          0                          0                          0                          0                          0 -1.9877145647832644747e-19                          0
0.0013458198656780956653                        0                        0                        0                        0                        0 0.0019851935081475671069 0.0012817516126004812205
  0.0087913914316082430317 -6.5299487787048833216e-18
0.13618916478666634462                      0
                      0                       0                       0 0.029149155078618024795  0.10704000970804831983                       0                       0                       0
-2.3401963173134843812e-17                          0                          0                          0                          0                          0                          0                          0
0.0095980761155797771761     0.111188273933898088
  0.079929471446693517445 0.00035781704866082056447
                      0                       0 0.079929471446693517445                       0                       0                       0                       0                       0
                        0                         0                         0                         0                         0 0.00035781704866081373399                         0                         0
 0.05309089201226157434 0.097499814555150707274
0.0013421830239633116347 0.0005906482189135919391
                       0                        0 0.0013421830239633129357                        0                        0                        0                        0                        0
                        0                         0                         0                         0                         0 0.00059064821891359183068                         0                         0
0.051076447962840602901 0.096932271289308730156
 0.0023518360095860758006 0.00099626747261171962403
                       0                        0 0.0023518360095860827395                        0                        0                        0                        0                        0
                        0                         0                         0                         0                         0 0.00099626747261171203461                         0                         0
0.047108646369663026432 0.096437768408068266779
 0.0023601912018811547871 0.00097676430944697561348
                       0                        0 0.0023601912018811573891                        0                        0                        0                        0                        0
                        0                         0                         0                         0                         0 0.00097676430944699404492                         0                         0
0.043134984134238670006 0.095980383986601899848
 0.0023674880346474919644 0.00095772979557873054446
                       0                        0 0.0023674880346475075769                        0                        0                        0                        0                        0
                        0                         0                         0                         0                         0 0.00095772979557872924342                         0                         0
0.039157649843410066715 0.095558175672239092924
 0.0023737194351047753889 0.00093918866089786549444
                       0                        0 0.0023737194351047814604                        0                        0                        0                        0                        0
                        0                         0                         0                         0                         0 0.00093918866089785779661                         0                         0
0.035178773804506777156  0.09516917228834875786
    0.0023788802001355378 0.00092116507616562344398
                       0                        0 0.0023788802001355386674                        0                        0                        0                        0                        0
                        0                         0                         0                         0                         0 0.00092116507616563504494                         0                         0
0.031200427304587070171 0.094811376898993396378
 0.0023829670333546182706 0.00090368256981129357983
                       0                        0 0.0023829670333546213064                        0                        0                        0                        0                        0
                       0                        0                        0                        0                        0 0.0009036825698112896767                        0                        0
0.027224621939691943245  0.09448276991053784768
 0.0023859785723381247806 0.00088676394726763048577
                      0                       0 0.002385978572338126949                       0                       0                       0                       0                       0
                        0                         0                         0                         0                         0 0.00088676394726763840045                         0                         0
0.023253309018908152606 0.094181312200457958927
0.0023879154057167453588 0.0008704312133691546622
                       0                        0 0.0023879154057167353842                        0                        0                        0                        0                        0
                        0                         0                         0                         0                         0 0.00087043121336915769796                         0                         0
0.019288379048064244886 0.093904948263073370618
0.005245032026151098814  0.13556302955675014754
                       0 0.0052450320261510910078                        0                        0                        0                        0                        0                        0
                      0                       0                       0                       0                       0                       0 0.011388818335284522573  0.12417421122146564405
 0.014272572633560964839 0.0026910542453320337834
0.0011534087236763617551 0.0032754692873043101536
                       0 0.0011534087236763647909                        0                        0                        0                        0                        0                        0
                        0                         0                         0                         0                         0                         0  0.0029340050318437662855 0.00034146425546054256714
  0.01285558160152581661 0.0029109703474891612807
0.0012575778560925401309 0.0039350088547523689661
                       0 0.0012575778560925392636                        0                        0                        0                        0                        0                        0
                       0                        0                        0                        0                        0                        0  0.003180756015821580452 0.0007542528389307891646
 0.011566918582041804328 0.0029445605508534875364
0.0012639938398728558719 0.0039495006987125243561
                       0 0.0012639938398728567392                        0                        0                        0                        0                        0                        0
                        0                         0                         0                         0                         0                         0  0.0031974363961684323758 0.00075206430254409165504
 0.010266874180978702996 0.0029774759067295901091
0.0012700216756683349508 0.0039633412103517364627
                       0 0.0012700216756683371192                        0                        0                        0                        0                        0                        0
                        0                         0                         0                         0                         0                         0  0.0032131359749409372194 0.00075020523541079870127
 0.008956192646135976293 0.0030096661590239002018
0.0012756561130891068846  0.003976519192446730834
                       0 0.0012756561130891073182                        0                        0                        0                        0                        0                        0
                        0                         0                         0                         0                         0                         0  0.0032278428174069393082 0.00074867637503979271845
0.0076356243055877926276 0.0030410887118069492713
0.0012808922890219923748 0.0039890239534354178172
                       0 0.0012808922890219919411                        0                        0                        0                        0                        0                        0
                        0                         0                         0                         0                         0                         0  0.0032415457715688211771 0.00074747818186659544751
0.0063059250379538496836 0.0030717083005034383561
0.0012857257255828094793 0.0040008453264093564103
                       0 0.0012857257255828088288                        0                        0                        0                        0                        0                        0
                        0                         0                         0                         0                         0                         0  0.0032542344750201720148 0.00074661085138918504601
0.0049678557509147975441 0.0031014966453979620972
0.0012857653680286519528 0.0040853086170430288199
7.5869144734798922244e-05  0.0012098962232938539115                         0                         0                         0                         0                         0                         0
                       0                        0                        0                        0                        0                        0 0.0033439017823579438721 0.0007414068346850827794
0.0036717576904261657773 0.0030884479173018679517
0.0012320239341120119755 0.0050453908809981315095
0.0010549287036729271174 0.0001770952304390850207                        0                        0                        0                        0                        0                        0
                        0                         0                         0                         0                         0                         0  0.0043609467199972424753 0.00068444416100088729948
0.003010689068319905709 0.002531331528942358175
0.043681084871552977589                       0
                      0                       0                       0                       0                       0                       0 0.020138543383343560089   0.0235425414882094175
                        0                         0                         0                         0                         0                         0                         0 8.6521853584648784777e-19
0.069376471388149688058 0.056214101124424410705
0.11763950830781327861                      0
                      0                       0                       0 0.051553915998628851991                       0 0.035297015590772737315                       0                       0
                        0 2.0020120435109593355e-17                         0                         0                         0                         0                         0                         0
                     0 0.07457247672468908517
0.0059615482702185034966  0.015550408401539823899
                       0                        0                        0                        0                        0 0.0059615482702184974251                        0                        0
                      0                       0 0.015550408401539823899                       0                       0                       0                       0                       0
 0.04781217132363094896 0.059906634817123244341
 0.002332010652499149142 0.0010858280714744607352
                       0                        0                        0                        0                        0 0.0023320106524991465399                        0                        0
                       0                        0 0.0010858280714744722277                        0                        0                        0                        0                        0
0.043783515418610155501 0.059423113691842721629
0.0023393476034522615523 0.0010731611805860153189
                       0                        0                        0                        0                        0 0.0023393476034522611186                        0                        0
                       0                        0 0.0010731611805860118494                        0                        0                        0                        0                        0
0.039743822152271734982 0.058966963211316350546
0.0023455948448085177371 0.0010609335907327084245
                       0                        0                        0                        0                        0 0.0023455948448085194719                        0                        0
                       0                        0 0.0010609335907327069066                        0                        0                        0                        0                        0
0.035695246466773120075 0.058536251257034564721
0.0023507445657803618944 0.0010491613558422684723
                       0                        0                        0                        0                        0 0.0023507445657803614607                        0                        0
                       0                        0 0.0010491613558422667376                        0                        0                        0                        0                        0
0.031639910892873684967 0.058129021209370135281
0.0023547909927759858202 0.0010378599533043880374
                       0                        0                        0                        0                        0 0.0023547909927759853865                        0                        0
                       0                        0 0.0010378599533043964941                        0                        0                        0                        0                        0
0.027579904216401666256 0.057743294780862548798
0.0023577304284453123699 0.0010270442286725298738
                       0                        0                        0                        0                        0 0.0023577304284453097678                        0                        0
                       0                        0 0.0010270442286725298738                        0                        0                        0                        0                        0
 0.02351728017751565647 0.057377074890418780506
                      0 0.031630596241665892565
                        0                         0                         0                         0 9.3775088958254568957e-18                         0                         0                         0
                      0                       0 0.031630596241665892565                       0                       0                       0                       0                       0
0.018893005753995998491 0.048329507339757105111
0.066812574743593297621                       0
                      0                       0                       0                       0                       0                       0 0.057574200203074542281 0.009238374540518762279
                        0 5.2052002564026983626e-19                         0                         0                         0                         0                         0                         0
0.0033954115875070595837  0.042227700781802213204
0.054362142717150660487                       0
 0.021795424908320606971                        0 0.0057935780292221236015                        0                        0                        0                        0                        0
                        0                         0                         0 3.1070146615238208934e-18                         0                         0                         0                         0
                      0 0.018247932608112974601
  0.1046595865984117496 0.055069209224776288769
0.031476697664351488415                       0                       0                       0                       0                       0                       0                       0
   0.0197595144787968309                        0                        0                        0                        0 0.0077567879871917625942                        0  0.027552906758787687469
                         0 -5.0378600784249476441e-18
0.0030665477161840263426 0.0030597255895832885589
                       0                        0                        0                        0                        0                        0                        0 0.0019660466211136257489
                       0 0.0013340810507106682856                        0                        0                        0                        0                        0  0.001435525095520045211
0 0
0.0030713346552748810141 0.0030645076192070738047
                      0                       0                       0                       0                       0                       0                       0 0.001968668025319139387
                       0 0.0013358722531820971333                        0                        0                        0                        0                        0 0.0014374467857816933952
0 0
0.0030747139655943095567 0.0030696219468915784089
                       0 0.0013374625104849238461                        0                        0                        0                        0                        0 0.0014455067870923850228
                       0                        0                        0                        0                        0                        0                        0 0.0019646414567026835273
0 0
0.0030784239723924276995 0.0030733299843703366233
                       0 0.0013388536371998600253                        0                        0                        0                        0                        0 0.0014469961382363653694
                       0                        0                        0                        0                        0                        0                        0 0.0019666804953482369851
0 0
0.0030824672817652359023 0.0030756289084108356588
                      0                       0                       0                       0                       0                       0                       0 0.001974778123887029925
                       0 0.0013400472160481221272                        0                        0                        0                        0                        0 0.0014419258852505889134
0 0
0.0030851017330937630274 0.0030782607047547694973
                       0                        0                        0                        0                        0                        0                        0 0.0019762378709719257038
                       0 0.0013410445983187419938                        0                        0                        0                        0                        0 0.0014429959390443174334
0 0
0.0030863253128275021896  0.003081227251251802534
                       0 0.0013418469042368592718                        0                        0                        0                        0                        0 0.0014502009718048828896
                       0                        0                        0                        0                        0                        0                        0 0.0019710679158136557715
0 0
0.0030887555651427462886 0.0030819109046526481366
                       0                        0                        0                        0                        0                        0                        0 0.0019783023220140937004
                       0 0.0013424550232707551083                        0                        0                        0                        0                        0 0.0014445091839504699445
0 0
0.020316412657053896373 0.031095483310939114885
                      0                       0                       0 0.020316412657053885965                       0                       0                       0                       0
                       0                        0                        0                        0                        0   0.02528703492348102766                        0 0.0041011473091111345576
0.0082524011540665697523                        0
0.0014579861907299104719 0.0059332644093459023862
                       0                        0                        0 0.0014579861907299115562                        0                        0                        0                        0
0.0030412400612666139199 0.0028920243480792902011                        0                        0                        0                        0                        0                        0
 0.0076407270975351465614 0.00014006990204085571013
0.0013027606622881039451 0.0036969075547392429675
                       0                        0                        0 0.0013027606622881037282                        0                        0                        0                        0
 0.0029124840105718926599 0.00078442354416734944023                         0                         0                         0                         0                         0                         0
 0.0063255272404912511047 0.00025338543237920244317
0.0013060312820053539967 0.0037023540323761678673
                       0                        0                        0 0.0013060312820053537799                        0                        0                        0                        0
 0.0029198459201466471502 0.00078250811222952093398                         0                         0                         0                         0                         0                         0
 0.0050044577874124194714 0.00036700296950284650105
0.0013088586117675571688 0.0037071490557204723679
                       0                        0                        0 0.0013088586117675571688                        0                        0                        0                        0
  0.002926198584744685912 0.00078095047097578754007                         0                         0                         0                         0                         0                         0
 0.0036783454865347343411 0.00048085837109526592204
0.0013112394759007080149 0.0037112889322976332779
                       0                        0                        0 0.0013112394759007069307                        0                        0                        0                        0
 0.0029315363725476175326 0.00077975255975001552845                         0                         0                         0                         0                         0                         0
 0.0023480215730529987658 0.00059489017614211059989
0.0013131711760864148934 0.0037147705197490034357
                       0                        0                        0 0.0013131711760864146765                        0                        0                        0                        0
0.0029358545389464186376 0.0007789159808025849065                        0                        0                        0                        0                        0                        0
 0.0010143210713064313485 0.00070903922163439699142
0.0013221167851300396744 0.0046336686806165289232
                        0                         0  0.0011227957369156801697 0.00019932104821435926083                         0                         0                         0                         0
 0.0040243510018511388301 0.00060931767876538998462                         0                         0                         0                         0                         0                         0
0.00028651418953700347105 0.00027536167427135295298
0.0022341817871747659228 0.0039566185392631387716
0.00076019328545817829897                         0                         0                         0                         0                         0                         0                         0
0.0031717833517928783159 0.0001423307805747313175                        0                        0                        0                        0                        0                        0
0 0
