0.0442087951112,-0.582524607177,-0.00989018625534,0.0559575421985,0.0437002683063,0.00584396991965,-0.0354356467879,-0.0559575421985,-0.0437002683063,-0.00584396991965,0.0354356467879,-0.528291066923,-0.10781311534,0.375820297008,0.639303276383,0.528291066923,0.10781311534,-0.375820297008,-0.639303276383,8.73851907186e-05,-0.000166291679482,-0.000322557139152,-0.000289873001347,-8.73851907186e-05,0.000166291679482,0.000322557139152,0.000289873001347,0.0,0.0,0.0
0.0595436980494,-0.00958397611567,0.0152509511707,0.0736317786974,0.0502196928752,-0.00261040793512,-0.0539113671804,-0.0736317786974,-0.0502196928752,0.00261040793512,0.0539113671804,9.61741985578e-05,-3.3803483896e-05,-0.000143979543939,-0.000169814339847,-9.61741985578e-05,3.3803483896e-05,0.000143979543939,0.000169814339847,0.0261103389783,0.0119651772826,-0.00918902298906,-0.0249604182187,-0.0261103389783,-0.0119651772826,0.00918902298906,0.0249604182187,0.0,0.0,0.0
0.0549137628843,-0.00958163018159,0.0123442415102,0.0709504254262,0.0505197065185,0.000495228699403,-0.0498193473753,-0.0709504254262,-0.0505197065185,-0.000495228699403,0.0498193473753,8.02930432434e-05,-5.43175894323e-05,-0.000157109714894,-0.000167869100151,-8.02930432434e-05,5.43175894323e-05,0.000157109714894,0.000167869100151,0.0228676766624,0.0115823023507,-0.0064878275945,-0.0207574761252,-0.0228676766624,-0.0115823023507,0.0064878275945,0.0207574761252,0.0,0.0,0.0
-0.00816184557533,-0.332144782023,0.00255822121867,-0.00338667025127,-0.00612730348645,-0.00527864544004,-0.00133782848582,0.00338667025127,0.00612730348645,0.00527864544004,0.00133782848582,-0.140645571799,-0.468071924905,-0.521308092567,-0.269169049779,0.140645571799,0.468071924905,0.521308092567,0.269169049779,-0.149826646998,-0.0442966370197,0.0871817421572,0.16759023917,0.149826646998,0.0442966370197,-0.0871817421572,-0.16759023917,0.0,0.0,0.0
-0.00418217190997,-0.0100572399479,0.0071263704977,-0.00241425060627,0.00803475135688,0.0137771049455,0.0114490173072,0.00241425060627,-0.00803475135688,-0.0137771049455,-0.0114490173072,-0.00791611676203,-0.0149941255737,-0.0132887789802,-0.00379904588751,0.00791611676203,0.0149941255737,0.0132887789802,0.00379904588751,-0.149003080678,-0.0299089337522,0.10670546093,0.180813243778,0.149003080678,0.0299089337522,-0.10670546093,-0.180813243778,0.0,0.0,0.0
-0.0100845300365,-0.0100513450876,-0.00211545019563,-0.00195469002231,0.00956904339089,0.0154873609646,0.0123333925307,0.00195469002231,-0.00956904339089,-0.0154873609646,-0.0123333925307,-0.00170007981106,0.000187571140836,0.00196534546234,0.00259184706676,0.00170007981106,-0.000187571140837,-0.00196534546234,-0.00259184706676,-0.14859766972,-0.0251241342472,0.113066778325,0.185024705608,0.14859766972,0.0251241342472,-0.113066778325,-0.185024705608,0.0,0.0,0.0
-0.00992147168544,-0.0100328435719,-0.0073627353806,-0.00208008846813,0.00283025190009,0.00608266909018,0.00577194122266,0.00208008846813,-0.00283025190009,-0.00608266909018,-0.00577194122266,-0.000351460232164,-0.000405572632746,-0.000222106085593,9.14671942149e-05,0.000351460232164,0.000405572632746,0.000222106085593,-9.14671942149e-05,-0.152097544975,-0.0286465057185,0.111585268073,0.186451905188,0.152097544975,0.0286465057185,-0.111585268073,-0.186451905188,0.0,0.0,0.0
-0.00992416660009,-0.0100328439939,-0.00994251865504,0.000398863894505,0.000413673398467,0.000186158636001,-0.000150405330682,-0.000398863894505,-0.000413673398467,-0.000186158636001,0.000150405330682,0.000448294376927,0.000379058806546,8.77757282277e-05,-0.00025492518124,-0.000448294376927,-0.000379058806546,-8.77757282277e-05,0.00025492518124,-0.15324234408,-0.0300977474095,0.110677701496,0.186619653918,0.15324234408,0.0300977474095,-0.110677701496,-0.186619653918,0.0,0.0,0.0
-0.00992209696185,-0.0100331946595,-0.00994824131437,-0.000619071970178,-0.00206831116636,-0.00230596173249,-0.00119281119004,0.000619071970178,0.00206831116636,0.00230596173249,0.00119281119004,0.00170380005656,0.0016208545963,0.000588434496154,-0.000788682551267,-0.00170380005656,-0.0016208545963,-0.000588434496154,0.000788682551267,-0.152046600183,-0.0307222405742,0.108598790896,0.184304123517,0.152046600183,0.0307222405742,-0.108598790896,-0.184304123517,0.0,0.0,0.0
-0.00991973800707,-0.0100331921135,-0.00995356343708,-0.00166043716048,-0.00460720141171,-0.00485512956054,-0.00225898865989,0.00166043716048,0.00460720141171,0.00485512956054,0.00225898865989,0.0029510318635,0.0028542267635,0.00108545433553,-0.00131916252086,-0.0029510318635,-0.0028542267635,-0.00108545433553,0.00131916252086,-0.150856857153,-0.0314126776109,0.106432622445,0.181931135752,0.150856857153,0.0314126776109,-0.106432622445,-0.181931135752,0.0,0.0,0.0
-0.120373444634,-0.0570593123277,0.00927573896308,-0.185602064411,0.0228667986538,0.217940601195,0.285347755348,0.185602064411,-0.0228667986538,-0.217940601195,-0.285347755348,-0.0614015177166,-0.0218639334749,0.0304812464695,0.0649709256301,0.0614015177166,0.0218639334749,-0.0304812464695,-0.0649709256301,-0.0423658077429,0.0760309323569,0.149889783442,0.135945232248,0.0423658077429,-0.0760309323569,-0.149889783442,-0.135945232248,0.0,0.0,0.0
0.0532780154462,-0.185013862103,0.138110342235,-0.0275292308646,-0.0673180479389,-0.067672865523,-0.0283858362884,0.0275292308646,0.0673180479389,0.067672865523,0.0283858362884,-0.246355231774,-0.094502170223,0.112708980971,0.253896739713,0.246355231774,0.094502170223,-0.112708980971,-0.253896739713,0.133555130592,0.159807514777,0.0924468241743,-0.0290679622314,-0.133555130592,-0.159807514777,-0.0924468241743,0.0290679622314,0.0,0.0,0.0
-0.42428691012,-0.0102260512639,-0.0100469839785,0.0540978042445,0.389051898805,0.496104667513,0.312546050348,-0.0540978042445,-0.389051898805,-0.496104667513,-0.312546050348,0.000779355681152,0.00397007308577,0.00483517552035,0.00286789771157,-0.000779355681152,-0.00397007308577,-0.00483517552035,-0.00286789771157,0.00521334641639,0.00833305782061,0.00657137696956,0.000960272613206,-0.00521334641639,-0.00833305782061,-0.00657137696956,-0.000960272613206,0.0,0.0,0.0
-0.00980504839916,0.031794988211,0.0202593949961,0.000179388934647,0.000158317309341,4.45055513816e-05,-9.53769549762e-05,-0.000179388934647,-0.000158317309341,-4.45055513816e-05,9.53769549762e-05,0.0308622301524,0.0236951116242,0.00264771806845,-0.0199506728224,-0.0308622301524,-0.0236951116242,-0.00264771806845,0.0199506728224,0.0274890295785,0.022199541276,0.00390586277249,-0.0166758171704,-0.0274890295785,-0.022199541276,-0.00390586277249,0.0166758171704,0.0,0.0,0.0
-0.00979956301514,0.0254999404234,0.0132000594763,-0.000574212139143,-0.000601478609679,-0.000276407068142,0.000210579985177,0.000574212139143,0.000601478609679,0.000276407068142,-0.000210579985177,0.0346188194471,0.02746500454,0.00422256246397,-0.0214933994354,-0.0346188194471,-0.02746500454,-0.00422256246397,0.0214933994354,0.0295138634223,0.0243655766581,0.0049442655426,-0.0173733292718,-0.0295138634223,-0.0243655766581,-0.0049442655426,0.0173733292718,0.0,0.0,0.0
-0.0097932532603,0.019180949379,0.00612338204813,-0.00135855670849,-0.00139189157718,-0.000609875237312,0.000529397745219,0.00135855670849,0.00139189157718,0.000609875237312,-0.000529397745219,0.0383533266522,0.0312193278697,0.00579747022933,-0.0230204668439,-0.0383533266522,-0.0312193278697,-0.00579747022933,0.0230204668439,0.0315221430202,0.0265188300129,0.00598114604229,-0.0180602121613,-0.0315221430202,-0.0265188300129,-0.00598114604229,0.0180602121613,0.0,0.0,0.0
-0.00978610972035,0.0128349781748,-0.000973019617496,-0.00217746019139,-0.00221673548613,-0.000957477197297,0.000862658248053,0.00217746019139,0.00221673548613,0.000957477197297,-0.000862658248053,0.0420632818693,0.0349555455017,0.00737132465933,-0.0245309181958,-0.0420632818693,-0.0349555455017,-0.00737132465933,0.0245309181958,0.0335119942751,0.0286571812315,0.00701538008184,-0.0187359355746,-0.0335119942751,-0.0286571812315,-0.00701538008184,0.0187359355746,0.0,0.0,0.0
0.0951964228893,-0.120867147572,0.0891545955158,-0.104143119632,-0.0926707698284,-0.0269131398951,0.0546098423827,0.104143119632,0.0926707698284,0.0269131398951,-0.0546098423827,0.0591238474029,0.14307251627,0.143211245508,0.0594587694127,-0.0591238474029,-0.14307251627,-0.143211245508,-0.0594587694127,0.108335565751,0.139411625287,0.088822245482,-0.0137980010856,-0.108335565751,-0.139411625287,-0.088822245482,0.0137980010856,0.0,0.0,0.0
-0.13480449337,-0.00971650051162,-0.00852326608936,0.0282687621308,0.118541850558,0.139374730638,0.0785637837615,-0.0282687621308,-0.118541850558,-0.139374730638,-0.0785637837615,0.0133060572356,-0.0353070213912,-0.063237725734,-0.0541246279955,-0.0133060572356,0.0353070213912,0.063237725734,0.0541246279955,0.0865967445123,0.143631349955,0.116528658577,0.0211650594089,-0.0865967445123,-0.143631349955,-0.116528658577,-0.0211650594089,0.0,0.0,0.0
-0.00926258240527,-0.00908887792626,-0.761203344479,0.00236446343611,0.00138943937596,-0.000399499426532,-0.00195441688312,-0.00236446343611,-0.00138943937596,0.000399499426532,0.00195441688312,0.0619297007288,0.110487535829,0.0943232709134,0.0229057131443,-0.0619297007288,-0.110487535829,-0.0943232709134,-0.0229057131443,0.565024159825,1.20002779158,1.13207141826,0.400962961689,-0.565024159825,-1.20002779158,-1.13207141826,-0.400962961689,0.0,0.0,0.0
-1.08303860585,0.108411004265,-0.098276818468,-0.307088032315,-0.675374949568,-0.648036381051,-0.241086889426,0.307088032315,0.675374949568,0.648036381051,0.241086889426,0.40083037548,0.646141390444,0.512951542096,0.0792816372288,-0.40083037548,-0.646141390444,-0.512951542096,-0.0792816372288,-0.140870888727,-0.151092516531,-0.072806197324,0.0481290048506,0.140870888727,0.151092516531,0.072806197324,-0.0481290048506,0.0,0.0,0.0
-0.0215012786876,0.278046813825,-0.052104761194,-0.0471130043399,-0.00775381941032,0.0361474477696,0.0588740302913,0.0471130043399,0.00775381941032,-0.0361474477696,-0.0588740302913,0.342728813822,0.409152053666,0.235899569545,-0.0755396830575,-0.342728813822,-0.409152053666,-0.235899569545,0.0755396830575,0.0132914163331,-0.110290667368,-0.169265973928,-0.129087568609,-0.0132914163331,0.110290667368,0.169265973928,0.129087568609,0.0,0.0,0.0
-0.219216769672,-0.423541938615,-0.00932669314788,-0.104884938996,-0.0744672220033,-0.000427616313805,0.0738624812128,0.104884938996,0.0744672220033,0.000427616313805,-0.0738624812128,-0.105468122671,-0.235338755064,-0.227351136493,-0.0861843055856,0.105468122671,0.235338755064,0.227351136493,0.0861843055856,-0.000259307170813,0.00240730142826,0.00366374549938,0.00277401714605,0.000259307170813,-0.00240730142826,-0.00366374549938,-0.00277401714605,0.0,0.0,0.0
-0.0101303070608,-0.0101483687406,0.0384603509299,-0.0353743031587,0.0297164641602,0.0773997297998,0.0797432834467,0.0353743031587,-0.0297164641602,-0.0773997297998,-0.0797432834467,-0.0355128818559,-0.0101055363243,0.021221495331,0.0401172628353,0.0355128818559,0.0101055363243,-0.021221495331,-0.0401172628353,0.0421838381244,-0.00260127370634,-0.0458625946793,-0.0622582296948,-0.0421838381244,0.00260127370634,0.0458625946793,0.0622582296948,0.0,0.0,0.0
-0.00979178384206,-0.00980997977682,0.0315660713513,-0.0264632547976,0.0330843194274,0.0732515480336,0.0705090132666,0.0264632547976,-0.0330843194274,-0.0732515480336,-0.0705090132666,-0.0265528032935,0.00174191572356,0.0290162441343,0.0392932502603,0.0265528032935,-0.00174191572356,-0.0290162441343,-0.0392932502603,0.043333012258,-0.00385458726569,-0.0487842218465,-0.0651367208995,-0.043333012258,0.00385458726569,0.0487842218465,0.0651367208995,0.0,0.0,0.0
0.0257026463616,-0.00998478292944,0.00359542312244,-0.127540633475,0.041422588811,0.18612102036,0.221792282425,0.127540633475,-0.041422588811,-0.18612102036,-0.221792282425,0.000150105582078,0.00348354635037,0.00477637291177,0.00327126500041,-0.000150105582078,-0.00348354635037,-0.00477637291177,-0.00327126500041,0.0195362383367,0.0507764834399,0.0522725531936,0.0231480702263,-0.0195362383367,-0.0507764834399,-0.0522725531936,-0.0231480702263,0.0,0.0,0.0
0.013435028903,-0.00987034193564,-0.0129495672429,-0.121842372251,0.0490050958865,0.191146043479,0.221316231196,0.121842372251,-0.0490050958865,-0.191146043479,-0.221316231196,-0.00923322166598,-0.0038488596972,0.00379011208252,0.00920888760722,0.00923322166598,0.0038488596972,-0.00379011208252,-0.00920888760722,0.0222066179353,0.0562406990775,0.0573297414575,0.024835798819,-0.0222066179353,-0.0562406990775,-0.0573297414575,-0.024835798819,0.0,0.0,0.0
0.00773283596237,-0.00986368633646,-0.00976413894174,-0.118962831202,0.0505868818777,0.190503485632,0.218825731182,0.118962831202,-0.0505868818777,-0.190503485632,-0.218825731182,-0.0128612538259,-0.00538513181232,0.00524552738171,0.0128034277773,0.0128612538259,0.00538513181232,-0.00524552738171,-0.0128034277773,0.016985481618,0.0408887778807,0.0408399826098,0.0168676794131,-0.016985481618,-0.0408887778807,-0.0408399826098,-0.0168676794131,0.0,0.0,0.0
0.00199199753283,-0.00985599411507,-0.0097900939547,-0.116065533339,0.0522459307957,0.189952437249,0.216387382167,0.116065533339,-0.0522459307957,-0.189952437249,-0.216387382167,-0.0165341879418,-0.00693991874193,0.00671966073525,0.0164429540883,0.0165341879418,0.00693991874193,-0.00671966073525,-0.0164429540883,0.0116439738274,0.0280571062692,0.0280347663794,0.0115900405625,-0.0116439738274,-0.0280571062692,-0.0280347663794,-0.0115900405625,0.0,0.0,0.0
-0.0037567269571,-0.00984698700797,-0.00981179155238,-0.113168697173,0.0539012609323,0.189396591412,0.21394596731,0.113168697173,-0.0539012609323,-0.189396591412,-0.21394596731,-0.0202041902522,-0.00849318108659,0.00819301837189,0.0200798587849,0.0202041902522,0.00849318108659,-0.00819301837189,-0.0200798587849,0.00629219308661,0.0152060589022,0.0152124216431,0.00630755410205,-0.00629219308661,-0.0152060589022,-0.0152124216431,-0.00630755410205,0.0,0.0,0.0
0.19756885177,0.114816870178,0.0179633353281,0.00907114317263,0.213547191412,0.292930191129,0.200718657711,-0.00907114317263,-0.213547191412,-0.292930191129,-0.200718657711,-0.121276736713,-0.0409869881417,0.0633123822017,0.130524217717,0.121276736713,0.0409869881417,-0.0633123822017,-0.130524217717,0.108776328545,0.0901743735746,0.0187494935428,-0.0636585855188,-0.108776328545,-0.0901743735746,-0.0187494935428,0.0636585855188,0.0,0.0,0.0
-0.181922033874,-0.0810095763429,-0.00949905004616,-0.114907409323,0.164744449551,0.347891244203,0.327248066233,0.114907409323,-0.164744449551,-0.347891244203,-0.327248066233,0.0854691031981,0.157880568439,0.137807737924,0.0370090035328,-0.0854691031981,-0.157880568439,-0.137807737924,-0.0370090035328,7.77772819844e-06,0.00484727879697,0.00684730968708,0.00483627942827,-7.77772819844e-06,-0.00484727879697,-0.00684730968708,-0.00483627942827,0.0,0.0,0.0
-0.0102034722144,-0.00966929153248,0.0205116159921,0.000428429771026,0.00582894747037,0.00781494679593,0.00522305627766,-0.000428429771026,-0.00582894747037,-0.00781494679593,-0.00522305627766,-9.45251316025e-05,0.00530909419236,0.00760271814236,0.00544277291546,9.45251316025e-05,-0.00530909419236,-0.00760271814236,-0.00544277291546,-0.0411894078726,-0.103906673155,-0.105756818524,-0.0456560539153,0.0411894078726,0.103906673155,0.105756818524,0.0456560539153,0.0,0.0,0.0
-0.0102035889316,-0.00965980204926,0.0140856560249,0.00131399524123,0.00759157014762,0.00942210622124,0.00573330025658,-0.00131399524123,-0.00759157014762,-0.00942210622124,-0.00573330025658,-0.00017525318282,0.00494345074184,0.00716634826686,0.00519129616984,0.00017525318282,-0.00494345074184,-0.00716634826686,-0.00519129616984,-0.0398450222664,-0.0972321545976,-0.0976620094643,-0.0408827837154,0.0398450222664,0.0972321545976,0.0976620094643,0.0408827837154,0.0,0.0,0.0
-0.0101539619599,-0.00968433466705,0.00779387796602,0.00235854789162,0.00884416945355,0.0101489964975,0.00550867903772,-0.00235854789162,-0.00884416945355,-0.0101489964975,-0.00550867903772,0.000170379693511,0.00438159814429,0.00602613582701,0.00414064487097,-0.000170379693511,-0.00438159814429,-0.00602613582701,-0.00414064487097,-0.0379598304228,-0.0908827804536,-0.0905678302808,-0.0371994734443,0.0379598304228,0.0908827804536,0.0905678302808,0.0371994734443,0.0,0.0,0.0
-0.00995930653282,-0.00981240046877,0.00154995284357,0.00293692115319,0.0058448295644,0.00532891608654,0.00169139583794,-0.00293692115319,-0.0058448295644,-0.00532891608654,-0.00169139583794,9.70020426175e-05,7.19577777461e-05,4.76162258934e-06,-6.52238265014e-05,-9.70020426174e-05,-7.19577777461e-05,-4.76162258934e-06,6.52238265014e-05,-0.0359962387197,-0.0885552162993,-0.0892397491897,-0.0376488473075,0.0359962387197,0.0885552162993,0.0892397491897,0.0376488473075,0.0,0.0,0.0
-0.00992710880793,-0.00980672019871,-0.00217251778441,0.00236459879023,0.00432710870573,0.00375485702728,0.000983061027022,-0.00236459879023,-0.00432710870573,-0.00375485702728,-0.000983061027022,0.000106739858768,7.75869501482e-05,2.98465839435e-06,-7.33660057678e-05,-0.000106739858768,-7.75869501482e-05,-2.98465839435e-06,7.33660057678e-05,-0.032329479724,-0.0837573286802,-0.0861212704436,-0.03803653999,0.032329479724,0.0837573286802,0.0861212704436,0.03803653999,0.0,0.0,0.0
-0.00989408772287,-0.00980038417801,-0.00590788381825,0.00179939134381,0.0028276200281,0.00219946724917,0.000282896385671,-0.00179939134381,-0.0028276200281,-0.00219946724917,-0.000282896385671,0.000116959938508,8.39139139345e-05,1.71225664944e-06,-8.14924173586e-05,-0.000116959938508,-8.39139139345e-05,-1.71225664945e-06,8.14924173586e-05,-0.0286705485107,-0.0789649737695,-0.0830027883465,-0.0384186952249,0.0286705485107,0.0789649737695,0.0830027883465,0.0384186952249,0.0,0.0,0.0
-0.00986030288433,-0.00979339840874,-0.00952279886889,0.00124298607964,0.00135046470027,0.000666859414997,-0.000407383071389,-0.00124298607964,-0.00135046470027,-0.000666859414997,0.000407383071389,0.000127667107147,9.09499695953e-05,9.55573351853e-07,-8.95985848013e-05,-0.000127667107147,-9.09499695953e-05,-9.55573351851e-07,8.95985848013e-05,-0.0251688977523,-0.0740798023172,-0.0795957633826,-0.0384856057659,0.0251688977523,0.0740798023172,0.0795957633826,0.0384856057659,0.0,0.0,0.0
0.0524700454664,0.108630500548,-0.00869980932604,-0.151363992836,-0.156555596308,-0.0700390547289,0.0575054152149,0.151363992836,0.156555596308,0.0700390547289,-0.0575054152149,0.0827980218377,0.00443520935224,-0.0765256886198,-0.112658876068,-0.0827980218377,-0.00443520935224,0.0765256886198,0.112658876068,0.123624116649,0.0161549919807,-0.10077750789,-0.158675910421,-0.123624116649,-0.0161549919807,0.10077750789,0.158675910421,0.0,0.0,0.0
0.0677442831398,-0.00991248604035,-0.317605716442,-0.345478383362,-0.383041407352,-0.196223969866,0.105538807905,0.345478383362,0.383041407352,0.196223969866,-0.105538807905,0.000390502609093,0.00452185147873,0.00600436107917,0.00396959739281,-0.000390502609093,-0.00452185147873,-0.00600436107917,-0.00396959739281,-0.367141002864,-0.14787847786,0.158009253892,0.371337307694,0.367141002864,0.14787847786,-0.158009253892,-0.371337307694,0.0,0.0,0.0
0.110743687356,-0.00974085278181,0.0046411785959,-0.345372753488,-0.387477698879,-0.202603463383,0.100953133179,0.345372753488,0.387477698879,0.202603463383,-0.100953133179,5.38385029909e-05,-1.78486873516e-05,-7.9080358714e-05,-9.39878284591e-05,-5.38385029909e-05,1.78486873516e-05,7.9080358714e-05,9.39878284591e-05,-0.00193630523809,-0.0114481747577,-0.0142538587687,-0.0087098256291,0.00193630523809,0.0114481747577,0.0142538587687,0.0087098256291,0.0,0.0,0.0
-0.275549261592,-0.049946057531,-0.118083729893,-0.478663609209,-0.14989310701,0.26668274437,0.527039460949,0.478663609209,0.14989310701,-0.26668274437,-0.527039460949,-0.0643871327401,0.222646225693,0.379256444727,0.313703382057,0.0643871327401,-0.222646225693,-0.379256444727,-0.313703382057,0.0223040834406,0.112755911045,0.137156855198,0.0812131737474,-0.0223040834406,-0.112755911045,-0.137156855198,-0.0812131737474,0.0,0.0,0.0
-0.110769236,-0.118479847367,-0.117685907058,0.0528463738654,-0.0597444173943,-0.13733773922,-0.134480476037,-0.0528463738654,0.0597444173943,0.13733773922,0.134480476037,-0.0967113717194,0.0503023378568,0.167849620136,0.187072871378,0.0967113717194,-0.0503023378568,-0.167849620136,-0.187072871378,-0.0890803014921,-0.00155130709476,0.0868864219593,0.124427263416,0.0890803014921,0.00155130709476,-0.0868864219593,-0.124427263416,0.0,0.0,0.0
-0.0100720260324,-0.00991632939661,-0.00957459180776,-0.000213379377864,0.00347603226828,0.00512923135491,0.00377779627838,0.000213379377864,-0.00347603226828,-0.00512923135491,-0.00377779627838,-0.00233776312192,0.00560039660469,0.0102579199549,0.00890649291733,0.00233776312192,-0.00560039660469,-0.0102579199549,-0.00890649291733,-0.000211407580817,0.00350892380701,0.00517377521803,0.00380789927499,0.000211407580817,-0.00350892380701,-0.00517377521803,-0.00380789927499,0.0,0.0,0.0
-0.131786431193,-0.0101690730633,0.154151613936,0.0608737025472,0.0180541159954,-0.0353413268499,-0.0680342997388,-0.0608737025472,-0.0180541159954,0.0353413268499,0.0680342997388,-0.00273065153864,0.030880387776,0.0464021147428,0.0347421122161,0.00273065153864,-0.030880387776,-0.0464021147428,-0.0347421122161,0.129875633079,-0.00611079228128,-0.1385175984,-0.189782674004,-0.129875633079,0.00611079228128,0.1385175984,0.189782674004,0.0,0.0,0.0
-0.0103560939357,-0.00327690724,-0.206898994125,0.000376997174585,0.00736568101817,0.0100396488174,0.0068325265009,-0.000376997174585,-0.00736568101817,-0.0100396488174,-0.0068325265009,0.00625432273408,0.0386062384703,0.0483431433028,0.0297612904363,-0.00625432273408,-0.0386062384703,-0.0483431433028,-0.0297612904363,0.189350836137,0.0975112578922,-0.051449092742,-0.17027126262,-0.189350836137,-0.0975112578922,0.051449092742,0.17027126262,0.0,0.0,0.0
-0.0102417808921,-0.00196195298358,-0.00940592585393,-0.00405620692391,0.00948021815338,0.0174632600107,0.015216560997,0.00405620692391,-0.00948021815338,-0.0174632600107,-0.015216560997,0.0083485489403,0.0472404910443,0.0584595941877,0.0354338599068,-0.0083485489403,-0.0472404910443,-0.0584595941877,-0.0354338599068,4.59523134653e-05,0.00572412007785,0.00804917593328,0.00565913369292,-4.59523134653e-05,-0.00572412007785,-0.00804917593328,-0.00565913369292,0.0,0.0,0.0
-0.00981218567778,-0.00813491600306,-0.00976490130369,-0.00740638282201,0.00740608517476,0.0178801689202,0.0178802922098,0.00740638282201,-0.00740608517476,-0.0178801689202,-0.0178802922098,0.0110551718954,0.0484885191408,0.057517949493,0.032854145112,-0.0110551718954,-0.0484885191408,-0.057517949493,-0.032854145112,-3.16297631767e-05,3.84661338464e-06,3.70696959945e-05,4.85778534438e-05,3.16297631767e-05,-3.84661338464e-06,-3.70696959945e-05,-4.85778534438e-05,0.0,0.0,0.0
-0.00981104629109,-0.009970418054,-0.00976447863809,-0.0082674123149,0.00826390329731,0.0199543364361,0.0199557899188,0.0082674123149,-0.00826390329731,-0.0199543364361,-0.0199557899188,0.0180921434625,0.0480512769363,0.0498626240701,0.0224651222792,-0.0180921434625,-0.0480512769363,-0.0498626240701,-0.0224651222792,-2.84076032551e-05,1.55423082318e-05,5.03877463471e-05,5.57167260297e-05,2.84076032551e-05,-1.55423082318e-05,-5.03877463471e-05,-5.57167260297e-05,0.0,0.0,0.0
-0.0098093066596,-0.0098721165203,-0.00976407184338,-0.00936522151338,0.00876573395774,0.0217618413606,0.0220101572366,0.00936522151338,-0.00876573395774,-0.0217618413606,-0.0220101572366,0.0265219237904,0.0433496253906,0.0347837043607,0.00584196106596,-0.0265219237904,-0.0433496253906,-0.0347837043607,-0.00584196106596,-2.45002359059e-05,2.69776678082e-05,6.26524196015e-05,6.16262337077e-05,2.45002359059e-05,-2.69776678082e-05,-6.26524196015e-05,-6.16262337077e-05,0.0,0.0,0.0
-0.00980691141125,-0.00977218122366,-0.00976305603344,-0.0104611645341,0.00927334234729,0.0235756510502,0.0240676631096,0.0104611645341,-0.00927334234729,-0.0235756510502,-0.0240676631096,0.0349325852831,0.0388579291705,0.0200208251556,-0.0105442067056,-0.0349325852831,-0.0388579291705,-0.0200208251556,0.0105442067056,-2.00439654343e-05,3.88100719488e-05,7.49296955409e-05,6.71565197097e-05,2.00439654343e-05,-3.88100719488e-05,-7.49296955409e-05,-6.71565197097e-05,0.0,0.0,0.0
-0.139258429474,-0.209948220843,-0.145789446889,0.0750739428234,0.037534195257,-0.0219925748382,-0.0686363928647,-0.0750739428234,-0.037534195257,0.0219925748382,0.0686363928647,-0.108671707767,-0.13160049993,-0.0774395040492,0.0220845030403,0.108671707767,0.13160049993,0.0774395040492,-0.0220845030403,0.145168197613,0.188016231757,0.120726907283,-0.0172826021333,-0.145168197613,-0.188016231757,-0.120726907283,0.0172826021333,0.0,0.0,0.0
-0.0100347507594,-0.00913706374259,-0.00532161642034,0.0993916171363,0.117877538674,0.0673123967559,-0.0226834342661,-0.0993916171363,-0.117877538674,-0.0673123967559,0.0226834342661,0.182657347127,0.153363291759,0.0342311000489,-0.104953205815,-0.182657347127,-0.153363291759,-0.0342311000489,0.104953205815,0.110909778478,0.138216515476,0.0845578922521,-0.0186335974474,-0.110909778478,-0.138216515476,-0.0845578922521,0.0186335974474,0.0,0.0,0.0
-0.0100517645637,-0.00920300368777,-0.00925425787257,0.0844902305555,0.107097752132,0.0669688630092,-0.0123894778076,-0.0844902305555,-0.107097752132,-0.0669688630092,0.0123894778076,0.169971608496,0.150479828007,0.042839005135,-0.0898963259463,-0.169971608496,-0.150479828007,-0.042839005135,0.0898963259463,0.0997462121277,0.131978455195,0.0868995091495,-0.00908399079179,-0.0997462121277,-0.131978455195,-0.0868995091495,0.00908399079179,0.0,0.0,0.0
0.211664464661,0.0719611959501,0.013449246724,-0.0745127999743,0.176455572608,0.324058663913,0.281832584902,0.0745127999743,-0.176455572608,-0.324058663913,-0.281832584902,-0.292211390341,-0.285556360724,-0.111626287817,0.127692950576,0.292211390341,0.285556360724,0.111626287817,-0.127692950576,-0.112938515715,-0.0388701234679,0.0579678599354,0.12084905717,0.112938515715,0.0388701234679,-0.0579678599354,-0.12084905717,0.0,0.0,0.0
0.201489668461,0.0627866104741,0.00480495545359,-0.0714504634445,0.184330168099,0.332132687125,0.28537638254,0.0714504634445,-0.184330168099,-0.332132687125,-0.28537638254,-0.291697340877,-0.280823843757,-0.105447547602,0.131698491819,0.291697340877,0.280823843757,0.105447547602,-0.131698491819,-0.113326690822,-0.0344984191046,0.0645385586441,0.125769724035,0.113326690822,0.0344984191046,-0.0645385586441,-0.125769724035,0.0,0.0,0.0
-0.233263984074,0.0524004462061,0.0537160767396,-0.232525913435,-0.10808765505,0.0796668857388,0.220753645334,0.232525913435,0.10808765505,-0.0796668857388,-0.220753645334,0.0369486277821,0.102289008886,0.107709875866,0.0500357583655,-0.0369486277821,-0.102289008886,-0.107709875866,-0.0500357583655,0.0116048896459,-0.0166936925177,-0.0352133360105,-0.0331054848448,-0.0116048896459,0.0166936925177,0.0352133360105,0.0331054848448,0.0,0.0,0.0
-0.0100929621247,-0.00985294548879,0.000714394823948,-8.93120392289e-05,0.00370557493912,0.00532978637452,0.00383188123628,8.93120392289e-05,-0.00370557493912,-0.00532978637452,-0.00383188123628,0.00419609338814,-0.000228905529343,-0.00451981469224,-0.00616307770783,-0.00419609338814,0.000228905529343,0.00451981469224,0.00616307770783,0.0136295737137,-0.00430213337962,-0.0197137090863,-0.0235772613749,-0.0136295737137,0.00430213337962,0.0197137090863,0.0235772613749,0.0,0.0,0.0
-0.0102054108504,-0.00982492792925,-0.00646759887682,0.00164228080401,0.00974374022525,0.0121374487708,0.007421204439,-0.00164228080401,-0.00974374022525,-0.0121374487708,-0.007421204439,0.000748037921845,0.00645718085699,0.0083837948208,0.00539929548275,-0.000748037921845,-0.00645718085699,-0.0083837948208,-0.00539929548275,0.0125743176478,-0.00147166203589,-0.0146555620582,-0.019254432591,-0.0125743176478,0.00147166203589,0.0146555620582,0.019254432591,0.0,0.0,0.0
-0.144053902285,-0.198166834625,-0.168390402108,0.171624838858,0.207093058211,0.121248972738,-0.0356211165417,-0.171624838858,-0.207093058211,-0.121248972738,0.0356211165417,0.0310839279738,0.104990814011,0.117395505126,0.0610315014991,-0.0310839279738,-0.104990814011,-0.117395505126,-0.0610315014991,-0.189734505101,-0.100133915515,0.0481237637256,0.168191194848,0.189734505101,0.100133915515,-0.0481237637256,-0.168191194848,0.0,0.0,0.0
0.157176760102,-0.00732618502568,-0.171429169943,-0.149517138956,-0.0948814879908,0.0153344518217,0.116567677729,0.149517138956,0.0948814879908,-0.0153344518217,-0.116567677729,-0.022870863643,-0.00264796869532,0.0191260704013,0.0296963168518,0.022870863643,0.00264796869532,-0.0191260704013,-0.0296963168518,-0.189436909334,-0.144821738642,-0.0153719575796,0.123082507753,0.189436909334,0.144821738642,0.0153719575796,-0.123082507753,0.0,0.0,0.0
-0.142567962853,-0.0100382905935,0.000959196151479,-0.234273564874,-0.256411507085,-0.128347065995,0.0749013456645,0.234273564874,0.256411507085,0.128347065995,-0.0749013456645,0.000184398339531,0.00579479867935,0.00801068454402,0.0055340200467,-0.000184398339531,-0.00579479867935,-0.00801068454402,-0.0055340200467,-0.0396833934097,0.196152700431,0.317085202655,0.252273493592,0.0396833934097,-0.196152700431,-0.317085202655,-0.252273493592,0.0,0.0,0.0
-0.00980434948705,-0.00969086142682,-0.00978245104612,0.00703275058857,0.00702908600184,0.00290787816632,-0.00291672526131,-0.00703275058857,-0.00702908600184,-0.00290787816632,0.00291672526131,0.0233791797363,0.00795935018598,-0.0121229587556,-0.0251038028743,-0.0233791797363,-0.00795935018598,0.0121229587556,0.0251038028743,-4.82135357344e-05,-5.22782282585e-05,-2.57190436856e-05,1.59060078671e-05,4.82135357344e-05,5.22782282585e-05,2.57190436856e-05,-1.59060078671e-05,0.0,0.0,0.0
0.166237058483,0.172944613259,-0.154481800675,0.0702673768788,0.134045313424,0.119301323337,0.0346722360492,-0.0702673768788,-0.134045313424,-0.119301323337,-0.0346722360492,-0.13928306971,-0.0722910348849,0.0370481077377,0.124684971308,0.13928306971,0.0722910348849,-0.0370481077377,-0.124684971308,0.136000216192,0.0538143158721,-0.0598952808359,-0.138519034352,-0.136000216192,-0.0538143158721,0.0598952808359,0.138519034352,0.0,0.0,0.0
-0.172045379895,-0.218497688727,-0.430767281785,0.122793419037,0.125692488412,0.0549626027638,-0.0479636301601,-0.122793419037,-0.125692488412,-0.0549626027638,0.0479636301601,0.205238332349,0.158970347254,0.0195796887535,-0.131280485872,-0.205238332349,-0.158970347254,-0.0195796887535,0.131280485872,-0.00580494170256,0.412143320856,0.588663615699,0.420352748141,0.00580494170256,-0.412143320856,-0.588663615699,-0.420352748141,0.0,0.0,0.0
-0.0947825920178,0.109747782013,0.0251978062559,-0.139354517572,-0.269743681541,-0.242120655229,-0.0726666328135,0.139354517572,0.269743681541,0.242120655229,0.0726666328135,0.127193502961,-0.0767139686011,-0.235683437781,-0.256592745535,-0.127193502961,0.0767139686011,0.235683437781,0.256592745535,-0.0393284607163,-0.0444511056828,-0.0235348958029,0.0111677368494,0.0393284607163,0.0444511056828,0.0235348958029,-0.0111677368494,0.0,0.0,0.0
-0.128427032125,-0.588013968688,-0.0466221254142,-0.0424279765243,-0.0624613446504,-0.0459057042044,-0.00245912482578,0.0424279765243,0.0624613446504,0.0459057042044,0.00245912482578,-0.382329860738,-0.401845810145,-0.185965933952,0.13885026421,0.382329860738,0.401845810145,0.185965933952,-0.13885026421,-0.19386740862,-0.112574841854,0.0346625404875,0.161595076718,0.19386740862,0.112574841854,-0.0346625404875,-0.161595076718,0.0,0.0,0.0
-0.0999490494575,0.0762385898254,-0.0271608248008,-0.133051335338,-0.124823797706,-0.0434761722845,0.0633392052212,0.133051335338,0.124823797706,0.0434761722845,-0.0633392052212,0.0786893333825,-0.00128835220237,-0.0805113385402,-0.112571874686,-0.0786893333825,0.00128835220237,0.0805113385402,0.112571874686,-0.0287693803279,-0.092148429153,-0.101548177932,-0.0514623813122,0.0287693803279,0.092148429153,0.101548177932,0.0514623813122,0.0,0.0,0.0
-0.0402739313482,0.16193383351,0.0888627723135,-0.122864681448,-0.0754117992002,0.0162162922557,0.0983450996397,0.122864681448,0.0754117992002,-0.0162162922557,-0.0983450996397,0.135648160566,0.226560832609,0.184757241612,0.034725364226,-0.135648160566,-0.226560832609,-0.184757241612,-0.034725364226,-0.138171316186,-0.0364792616151,0.0865818496643,0.158924487666,0.138171316186,0.0364792616151,-0.0865818496643,-0.158924487666,0.0,0.0,0.0
-0.00928469857959,0.0632361255815,-0.423621287905,-0.0701538995396,-0.0276590135367,0.0310381474741,0.0715535826456,0.0701538995396,0.0276590135367,-0.0310381474741,-0.0715535826456,-0.141181418382,-0.0352988183357,0.091261350756,0.164361858295,0.141181418382,0.0352988183357,-0.091261350756,-0.164361858295,0.510240134216,-0.445364697452,-1.14008092955,-1.16695321533,-0.510240134216,0.445364697452,1.14008092955,1.16695321533,0.0,0.0,0.0
-0.00755780227798,0.075759804214,-0.0091679837705,-0.0788688894509,-0.0157442778378,0.0566031182029,0.0957931752729,0.0788688894509,0.0157442778378,-0.0566031182029,-0.0957931752729,-0.161545792603,-0.034906523609,0.1121805135,0.193553727235,0.161545792603,0.034906523609,-0.1121805135,-0.193553727235,0.157993129572,-0.0339220251913,-0.205966117661,-0.257358051794,-0.157993129572,0.0339220251913,0.205966117661,0.257358051794,0.0,0.0,0.0
-0.00902183577939,0.0630148021566,-0.00946710975571,-0.0673396593202,-0.0102446496714,0.0528515368133,0.0849880098249,0.0673396593202,0.0102446496714,-0.0528515368133,-0.0849880098249,-0.16317617434,-0.0394981364046,0.107317374148,0.191267822403,0.16317617434,0.0394981364046,-0.107317374148,-0.191267822403,0.149648379619,-0.0260924606018,-0.186548691278,-0.237727228646,-0.149648379619,0.0260924606018,0.186548691278,0.237727228646,0.0,0.0,0.0
-0.00896140175665,-0.0107375745783,-0.00484999783104,-0.11838622793,-0.0152864037257,0.0967679884611,0.152137005411,0.11838622793,0.0152864037257,-0.0967679884611,-0.152137005411,0.21964214648,-0.202806351341,-0.506453639082,-0.513427253762,-0.21964214648,0.202806351341,0.506453639082,0.513427253762,0.654650490089,0.642613206484,0.25414182188,-0.283202395215,-0.654650490089,-0.642613206484,-0.25414182188,0.283202395215,0.0,0.0,0.0
-0.00898683797121,-0.010772883692,-0.00494496804348,-0.104876041118,-0.00525461563984,0.0974448924147,0.143062504077,0.104876041118,0.00525461563984,-0.0974448924147,-0.143062504077,0.217394335019,-0.19456805393,-0.492555115691,-0.502010070897,-0.217394335019,0.19456805393,0.492555115691,0.502010070897,0.649312760161,0.643194427608,0.260301522605,-0.275072484033,-0.649312760161,-0.643194427608,-0.260301522605,0.275072484033,0.0,0.0,0.0
-0.0091433142004,-0.0108159350414,-0.00498807565365,-0.0909064620409,0.00574590329937,0.099032396415,0.134307054825,0.0909064620409,-0.00574590329937,-0.099032396415,-0.134307054825,0.215009653975,-0.185792848612,-0.477760420275,-0.489862417306,-0.215009653975,0.185792848612,0.477760420275,0.489862417306,0.643826108136,0.644323153108,0.267384433541,-0.266184460827,-0.643826108136,-0.644323153108,-0.267384433541,0.266184460827,0.0,0.0,0.0
-0.205575981773,0.191809510013,-0.136401187893,-0.102629226647,-0.161593393206,-0.125898341614,-0.016453748986,0.102629226647,0.161593393206,0.125898341614,0.016453748986,0.205080917957,0.105976980526,-0.0552068347978,-0.184051235033,-0.205080917957,-0.105976980526,0.0552068347978,0.184051235033,0.334446902413,-0.205053956371,-0.624436988531,-0.678033301657,-0.334446902413,0.205053956371,0.624436988531,0.678033301657,0.0,0.0,0.0
-0.150333656987,-0.103670805175,-0.196477714839,-0.158382668277,-0.130180422985,-0.025720251464,0.0938064945372,0.158382668277,0.130180422985,0.025720251464,-0.0938064945372,0.315954712855,-0.136425795749,-0.508889923461,-0.583253235764,-0.315954712855,0.136425795749,0.508889923461,0.583253235764,0.154398152433,0.403211568547,0.415829116312,0.184859607371,-0.154398152433,-0.403211568547,-0.415829116312,-0.184859607371,0.0,0.0,0.0
-0.00961756262141,-0.0111851458859,-0.00970735517961,-0.00655394400862,-0.00520115632104,-0.000801601800616,0.00406752018299,0.00655394400862,0.00520115632104,0.000801601800616,-0.00406752018299,0.235192267201,-0.140365106808,-0.433698504933,-0.472977200849,-0.235192267201,0.140365106808,0.433698504933,0.472977200849,0.0895310221372,0.216849291249,0.217140186538,0.0902333054895,-0.0895310221372,-0.216849291249,-0.217140186538,-0.0902333054895,0.0,0.0,0.0
-0.00983387961086,-0.0112236242983,-0.00966014185085,8.93166434899e-05,0.00394204070695,0.0054855707877,0.00381572789838,-8.93166434898e-05,-0.00394204070695,-0.0054855707877,-0.00381572789838,0.231108558463,-0.132818502971,-0.418942286698,-0.459655360729,-0.231108558463,0.132818502971,0.418942286698,0.459655360729,0.0866087372354,0.212335158155,0.213678523197,0.089851907337,-0.0866087372354,-0.212335158155,-0.213678523197,-0.089851907337,0.0,0.0,0.0
-0.00985080085593,-0.0112446346244,-0.00968563557174,0.00305729289037,0.0105425706382,0.0118521534884,0.00621890556845,-0.00305729289037,-0.0105425706382,-0.0118521534884,-0.00621890556845,0.2269912721,-0.12653798057,-0.405943000378,-0.447552116115,-0.2269912721,0.12653798057,0.405943000378,0.447552116115,0.0848795453499,0.207685819993,0.208832557997,0.0876480157912,-0.0848795453499,-0.207685819993,-0.208832557997,-0.0876480157912,0.0,0.0,0.0
-0.00955249333449,-0.0112435660902,-0.00983539302174,0.00547544672363,0.0128054330254,0.012634170333,0.0050619820088,-0.00547544672363,-0.0128054330254,-0.012634170333,-0.0050619820088,0.222426097751,-0.12468620222,-0.398759015971,-0.439244206284,-0.222426097751,0.12468620222,0.398759015971,0.439244206284,0.0827075103588,0.19871057879,0.198311685152,0.0817444959301,-0.0827075103588,-0.19871057879,-0.198311685152,-0.0817444959301,0.0,0.0,0.0
-0.00957409686232,-0.0112620162984,-0.00985636241616,0.00619427122551,0.0145503656466,0.0143830532094,0.00579034327044,-0.00619427122551,-0.0145503656466,-0.0143830532094,-0.00579034327044,0.217520433549,-0.123097490711,-0.391606574407,-0.43071783793,-0.217520433549,0.123097490711,0.391606574407,0.43071783793,0.0786433061065,0.188985593213,0.188622682908,0.0777671631273,-0.0786433061065,-0.188985593213,-0.188622682908,-0.0777671631273,0.0,0.0,0.0
-0.00959489059911,-0.0112788747293,-0.00987507651182,0.00690110276474,0.0162669575246,0.0161038491851,0.00650732439938,-0.00690110276474,-0.0162669575246,-0.0161038491851,-0.00650732439938,0.212380485589,-0.121734188633,-0.384538626158,-0.422085551736,-0.212380485589,0.121734188633,0.384538626158,0.422085551736,0.0745498981567,0.179189798297,0.178862744833,0.0737603212498,-0.0745498981567,-0.179189798297,-0.178862744833,-0.0737603212498,0.0,0.0,0.0
-0.00961487114475,-0.0112940614873,-0.00989150412749,0.00759535163325,0.0179537641409,0.0177951051105,0.0072123148502,-0.00759535163325,-0.0179537641409,-0.0177951051105,-0.0072123148502,0.207013540293,-0.120594587669,-0.377560041723,-0.413355943946,-0.207013540293,0.120594587669,0.377560041723,0.413355943946,0.0704299329837,0.169329533318,0.169038189545,0.0697265668957,-0.0704299329837,-0.169329533318,-0.169038189545,-0.0697265668957,0.0,0.0,0.0
0.0353846349092,0.0532288219629,-0.156910983931,-0.228480165347,0.0636972136532,0.318561628781,0.386816962221,0.228480165347,-0.0636972136532,-0.318561628781,-0.386816962221,-0.586987349018,-0.557062169279,-0.200817525861,0.273063300644,0.586987349018,0.557062169279,0.200817525861,-0.273063300644,0.324846028656,-0.0471613804814,-0.391542292553,-0.506563039889,-0.324846028656,0.0471613804814,0.391542292553,0.506563039889,0.0,0.0,0.0
-0.00959953325955,0.054310598698,-0.534946873668,-2.9391994331e-05,-0.000221494045523,-0.000283847888833,-0.000179927488515,2.9391994331e-05,0.000221494045523,0.000283847888833,0.000179927488515,0.0711715261608,0.0729840166923,0.032043460082,-0.0276677208591,-0.0711715261608,-0.0729840166923,-0.032043460082,0.0276677208591,-0.303213631576,-0.686516225911,-0.667666925896,-0.25770739584,0.303213631576,0.686516225911,0.667666925896,0.25770739584,0.0,0.0,0.0
-0.00963946848798,0.0625805751056,-0.00960697789085,-0.00132698223815,0.00285097896387,0.00535887535489,0.00472761524209,0.00132698223815,-0.00285097896387,-0.00535887535489,-0.00472761524209,0.0771282095842,0.0893842645249,0.0492802295697,-0.0196914955106,-0.0771282095842,-0.0893842645249,-0.0492802295697,0.0196914955106,-0.0341758497095,-0.0801533814269,-0.0791781493745,-0.0318214312621,0.0341758497095,0.0801533814269,0.0791781493745,0.0318214312621,0.0,0.0,0.0
0.0611985131929,0.0408410787026,-0.106817805197,0.0870603458284,-0.111825064409,-0.24520486853,-0.234946986225,-0.0870603458284,0.111825064409,0.24520486853,0.234946986225,0.17871099549,0.286049545219,0.22582415087,0.0333140316524,-0.17871099549,-0.286049545219,-0.22582415087,-0.0333140316524,-0.0617938980571,-0.206047244042,-0.229600908957,-0.118657475338,0.0617938980571,0.206047244042,0.229600908957,0.118657475338,0.0,0.0,0.0
0.102387403946,0.051357933828,0.0194066331206,-0.0952485802919,-0.146386769465,-0.111773574437,-0.0116849354191,0.0952485802919,0.146386769465,0.111773574437,0.0116849354191,0.140037803911,0.269458842467,0.241034545607,0.0714154809315,-0.140037803911,-0.269458842467,-0.241034545607,-0.0714154809315,-0.437020874744,-0.429116621838,-0.169841671699,0.188924226266,0.437020874744,0.429116621838,0.169841671699,-0.188924226266,0.0,0.0,0.0
-0.324317594917,0.0209114301874,-0.704385552709,0.217338398608,0.0435067043051,-0.155810627325,-0.263856206631,-0.217338398608,-0.0435067043051,0.155810627325,0.263856206631,-0.102263735067,-0.149649984988,-0.109373303312,-0.0050272239176,0.102263735067,0.149649984988,0.109373303312,0.0050272239176,1.0359316851,1.22846960056,0.701386684984,-0.236559038192,-1.0359316851,-1.22846960056,-0.701386684984,0.236559038192,0.0,0.0,0.0
-0.315813317203,0.126120908762,0.110365153812,0.328426360168,0.424731779071,0.272235082165,-0.0397332337197,-0.328426360168,-0.424731779071,-0.272235082165,0.0397332337197,-0.0500325430727,0.0484096715417,0.118494157117,0.119166372515,0.0500325430727,-0.0484096715417,-0.118494157117,-0.119166372515,-0.0761972391643,-0.00640429226327,0.0671402021882,0.101354876778,0.0761972391643,0.00640429226327,-0.0671402021882,-0.101354876778,0.0,0.0,0.0
-0.705198419299,-0.00998024247785,0.101491891819,0.256928649883,0.533685108424,0.497816068486,0.170333127197,-0.256928649883,-0.533685108424,-0.497816068486,-0.170333127197,0.000807364765609,0.0028954492932,0.003287418894,0.00175366309189,-0.000807364765609,-0.0028954492932,-0.003287418894,-0.00175366309189,-0.0822750191911,0.0124064108776,0.0998203337145,0.128760858862,0.0822750191911,-0.0124064108776,-0.0998203337145,-0.128760858862,0.0,0.0,0.0
-0.00977890555795,0.0186960736696,0.0948531059348,1.07980806955e-05,-1.1895902796e-05,-2.76214277663e-05,-2.71666949632e-05,-1.07980806955e-05,1.1895902796e-05,2.76214277663e-05,2.71666949632e-05,-4.52970246613e-05,-0.00539516863476,-0.0075846236299,-0.00533110896814,4.52970246613e-05,0.00539516863476,0.0075846236299,0.00533110896814,-0.0818401780953,0.00557550963308,0.0897251394356,0.121314999443,0.0818401780953,-0.00557550963308,-0.0897251394356,-0.121314999443,0.0,0.0,0.0
-0.00978342542145,0.0109033622048,0.0855817548101,-0.00349491204169,-0.0035080805356,-0.00146626302964,0.00143447147307,0.00349491204169,0.0035080805356,0.00146626302964,-0.00143447147307,0.00167548052138,-0.00346432742903,-0.00657477935602,-0.00583381470585,-0.00167548052138,0.00346432742903,0.00657477935602,0.00583381470585,-0.0811642769755,0.0070497314446,0.0911341027955,0.121833352724,0.0811642769755,-0.0070497314446,-0.0911341027955,-0.121833352724,0.0,0.0,0.0
-0.34289618342,-0.15294332471,-0.00269262832855,0.0296922536892,0.287818697484,0.377344851798,0.24582750962,-0.0296922536892,-0.287818697484,-0.377344851798,-0.24582750962,0.0169832865266,0.0341090570574,0.0312542045636,0.0100910629177,-0.0169832865266,-0.0341090570574,-0.0312542045636,-0.0100910629177,-0.116024839838,-0.245357600196,-0.23096320599,-0.0812736981246,0.116024839838,0.245357600196,0.23096320599,0.0812736981246,0.0,0.0,0.0
-0.0097845089394,-0.00970574746046,-0.00792910180801,-0.00605757917741,0.00615293520414,0.0147591435915,0.014719645832,0.00605757917741,-0.00615293520414,-0.0147591435915,-0.014719645832,-0.00858283365878,-0.0453991840342,-0.055621308123,-0.0332612242703,0.00858283365878,0.0453991840342,0.055621308123,0.0332612242703,-0.114801809663,-0.244237418936,-0.230602060635,-0.0818831427251,0.114801809663,0.244237418936,0.230602060635,0.0818831427251,0.0,0.0,0.0
-0.0584111311548,0.0437413926887,0.0663791424515,0.0174824149689,0.0368090809942,0.0345734865916,0.0120852126421,-0.0174824149689,-0.0368090809942,-0.0345734865916,-0.0120852126421,-0.323819547509,-0.26877614459,-0.0562873214123,0.189173851259,0.323819547509,0.26877614459,0.0562873214123,-0.189173851259,-0.0887312816905,-0.0679554622858,-0.00737225471141,0.0575295196876,0.0887312816905,0.0679554622858,0.00737225471141,-0.0575295196876,0.0,0.0,0.0
0.00519647267775,-0.00967598915748,0.00488423982651,0.0132970306879,0.0305063007304,0.0298453935428,0.0117014595923,-0.0132970306879,-0.0305063007304,-0.0298453935428,-0.0117014595923,-8.09429002909e-05,0.00480298953368,0.00687339583875,0.00491746008105,8.09429002909e-05,-0.00480298953368,-0.00687339583875,-0.00491746008105,0.00158862516337,0.00930011660236,0.0115637258673,0.00705346135079,-0.00158862516337,-0.00930011660236,-0.0115637258673,-0.00705346135079,0.0,0.0,0.0
-0.00288481265197,-0.00964915089913,-0.00215535840673,0.0116169563079,0.0355570270073,0.0386682735235,0.0191281698432,-0.0116169563079,-0.0355570270073,-0.0386682735235,-0.0191281698432,0.00139482018551,0.00654486484119,0.0078610164368,0.00457229121777,-0.00139482018551,-0.00654486484119,-0.0078610164368,-0.00457229121777,0.000168881289662,0.0151802542245,0.0212992401149,0.0149414200142,-0.000168881289662,-0.0151802542245,-0.0212992401149,-0.0149414200142,0.0,0.0,0.0
