NaN NaN
   3.13916 -0.0729166
 3.13296 -0.18592
  3.10931 -0.709554
  3.0703 -1.17034
 3.02199 -1.44938
 2.95759 -1.93203
 2.87813 -2.38374
 2.78586 -2.76823
 2.67699 -3.26589
 2.55667 -3.60977
 2.42626 -3.91233
 2.28411 -4.26449
  2.1343 -4.49427
 1.97862 -4.67019
   1.813 -4.96883
1.63048 -5.4756
  1.4377 -5.78321
1.24179 -5.8774
 1.05118 -5.71817
0.867505 -5.51035
0.702811  -4.9408
0.551565  -4.5374
0.413062 -4.15507
0.296497 -3.49695
0.204582 -2.75745
0.139876 -1.94119
0.092639 -1.41711
0.0587001  -1.01817
0.0355072 -0.695787
0.0186616 -0.505368
0.00744474  -0.336506
0.000304975   -0.214193
-0.00209216   -0.071914
-0.00299148  -0.0269798
-0.00124297   0.0524554
0.000697569   0.0582162
0.00273931  0.0612523
0.00293112 0.00575425
0.00256469  -0.010993
0.00376305  0.0359507
0.00412931  0.0109879
 0.00389537 -0.00701817
0.00478654  0.0267352
0.00691365  0.0638131
0.00891753  0.0601164
0.0103866 0.0440718
0.0110416 0.0196512
0.0126185 0.0473047
 0.013317 0.0209551
 0.0123112 -0.0301738
 0.0112185 -0.0327809
 0.0097206 -0.0449358
0.00999357  0.0081891
0.0109141 0.0276172
 0.0101177 -0.0238946
0.00942735 -0.0207093
0.00754358 -0.0565132
 0.0046876 -0.0856793
0.00243637 -0.0675369
0.000372354  -0.0619205
-1.99327e-05   -0.0117686
0.00226356  0.0685046
0.00419526   0.057951
0.00774832   0.106592
0.0143619  0.198408
0.0185101  0.124444
0.022529 0.120567
0.0242359 0.0512067
0.0254974 0.0378466
 0.0250604 -0.0131109
 0.0245667 -0.0148121
 0.0246637 0.00291215
0.0255407 0.0263105
0.0268656 0.0397449
 0.0271868 0.00963551
 0.0272939 0.00321283
 0.0264376 -0.0256882
 0.0265034 0.00197521
  0.0262803 -0.00669339
   0.0262492 -0.000934581
 0.0245717 -0.0503222
 0.0213804 -0.0957406
0.0177203 -0.109804
 0.0165331 -0.0356139
0.0130025 -0.105919
0.00915193  -0.115517
0.00540243  -0.112485
0.00140793  -0.119835
-0.00281976   -0.126831
-0.00443045  -0.0483208
NaN NaN
  3.12601 -0.467448
 3.08639 -1.18866
 3.03582 -1.51717
 2.97726 -1.75679
 2.90857 -2.06073
 2.83465 -2.21747
 2.75396 -2.42066
 2.66731 -2.59947
   2.577 -2.70934
 2.48025 -2.90256
 2.37933 -3.02762
 2.26922 -3.30335
 2.15005 -3.57498
2.01263 -4.1227
 1.86552 -4.41314
 1.71457 -4.52861
 1.54857 -4.97987
1.37749 -5.1325
 1.19813 -5.38096
 1.02077 -5.32061
0.846247 -5.23574
0.684448 -4.85398
0.538707 -4.37225
0.410132 -3.85722
0.298153 -3.35938
0.205355 -2.78395
0.136931 -2.05273
0.0834137  -1.60551
0.0448502  -1.15691
 0.019031 -0.774574
-0.00104695   -0.602339
-0.0150333  -0.419589
-0.0236532  -0.258597
-0.0289624  -0.159278
-0.0310385 -0.0622823
-0.0300915  0.0284117
-0.0277275   0.070918
-0.0249544  0.0831944
-0.0230816  0.0561819
-0.0207196  0.0708609
-0.0167591   0.118814
-0.0111325   0.168798
-0.00598965    0.154287
-0.00202968    0.118799
0.00104477  0.0922335
0.00210292  0.0317447
0.00174808 -0.0106453
0.00235757  0.0182847
0.00175384  -0.018112
0.00218393  0.0129027
0.00257704  0.0117933
0.00127615 -0.0390266
0.000372208  -0.0271184
0.000381332 0.000273714
-3.8558e-05  -0.0125967
-0.00115259   -0.033421
-0.00142917 -0.00829752
-0.000198721    0.0369136
0.00184969  0.0614523
0.00412754  0.0683356
0.0046632 0.0160697
 0.00434805 -0.00945438
0.00337186 -0.0292859
0.00406608  0.0208268
0.00591169  0.0553683
0.0087298 0.0845431
0.0128002  0.122113
0.0166498  0.115487
0.0188373 0.0656251
0.0206477 0.0543114
 0.0209271 0.00838307
0.0214245 0.0149201
 0.0216937 0.00807774
0.0233369 0.0492955
0.0271411  0.114127
0.0305783  0.103115
0.0315143 0.0280799
 0.0309167 -0.0179278
 0.0293434 -0.0472004
 0.0260858 -0.0977279
 0.0230136 -0.0921653
 0.0202422 -0.0831412
 0.0181105 -0.0639505
 0.0171952 -0.0274588
0.0185377 0.0402733
0.0191238 0.0175834
 0.0180681 -0.0316718
0.0169112 -0.034706
 0.0148404 -0.0621237
 0.0128802 -0.0588066
